time,latitude,longitude,depth,mag,magType,nst,gap,dmin,rms,net,id,updated,place,type
2015-03-18T15:08:06.910Z,-1.0567,134.4471,36.7,5,mb,,72,2.872,0.6,us,us10001nfv,2015-03-18T16:01:33.208Z,"45km ESE of Manokwari, Indonesia",earthquake
2015-03-18T13:43:49.900Z,19.319,-64.46,55,3.1,Md,3,342,1.27201444,0.05,pr,pr15077013,2015-03-18T15:47:09.386Z,"101km N of Road Town, British Virgin Islands",earthquake
2015-03-18T13:02:57.400Z,19.6124,-66.0187,72,3.3,Md,8,298.8,1.34118472,0.2,pr,pr15077012,2015-03-18T15:33:54.210Z,"127km N of San Juan, Puerto Rico",earthquake
2015-03-18T12:47:45.400Z,18.916,-67.3444,10,3.7,Md,18,298.8,0.49766667,0.41,pr,pr15077011,2015-03-18T13:34:38.486Z,"53km NNW of San Antonio, Puerto Rico",earthquake
2015-03-18T11:59:10.000Z,60.5654,-151.658,94.2,2.6,ml,,,,0.98,ak,ak11531077,2015-03-18T12:13:45.344Z,"21km W of Kenai, Alaska",earthquake
2015-03-18T11:59:05.670Z,62.7014,138.3248,10,4.9,mb,,45,4.083,1.47,us,us10001nel,2015-03-18T12:19:07.582Z,"43km WNW of Nezhdaninskoe, Russia",earthquake
2015-03-18T10:03:49.900Z,17.9748,-65.4046,13,2.6,Md,8,158.4,0.18595126,0.23,pr,pr15077005,2015-03-18T10:53:08.515Z,"15km SSE of Esperanza, Puerto Rico",earthquake
2015-03-18T07:40:34.700Z,19.409,-64.9085,46,3,Md,5,313.2,1.15074188,0.11,pr,pr15077007,2015-03-18T15:43:01.044Z,"114km NNW of Road Town, British Virgin Islands",earthquake
2015-03-18T07:12:12.900Z,19.4232,-155.4027,4.3,2.6,Ml,,36,0.07186522,0.25,hv,hv60874621,2015-03-18T15:14:54.617Z,"17km W of Volcano, Hawaii",earthquake
2015-03-18T06:18:27.000Z,61.3524,-152.1645,111.4,2.5,ml,,,,0.7,ak,ak11530933,2015-03-18T14:21:09.980Z,"87km NNW of Nikiski, Alaska",earthquake
2015-03-18T05:39:16.930Z,-18.5619,-71.4133,23.4,4.8,mwr,,142,1.034,1.52,us,us10001ndn,2015-03-18T13:41:58.032Z,"102km S of Ilo, Peru",earthquake
2015-03-18T05:30:23.100Z,19.6142,-66.138,73,3.2,Md,13,284.4,1.18847112,0.47,pr,pr15077009,2015-03-18T13:33:01.791Z,"127km N of San Juan, Puerto Rico",earthquake
2015-03-18T05:14:44.600Z,19.9302,-64.6035,45,3.4,Md,11,320.4,1.73644344,0.28,pr,pr15077006,2015-03-18T13:17:23.188Z,"167km N of Road Town, British Virgin Islands",earthquake
2015-03-18T04:36:43.100Z,19.5923,-65.997,71,3.4,Md,14,284.4,1.21811553,0.44,pr,pr15077004,2015-03-18T12:39:12.854Z,"125km N of San Juan, Puerto Rico",earthquake
2015-03-18T03:21:46.190Z,13.1257,51.4177,10,4.6,mb,,159,2.577,0.7,us,us10001nd8,2015-03-18T11:24:14.726Z,"136km NW of Kilmia, Yemen",earthquake
2015-03-18T03:03:58.800Z,19.552,-66.0875,46,2.5,Md,9,291.6,1.23608183,0.23,pr,pr15077003,2015-03-18T11:06:30.649Z,"120km N of San Juan, Puerto Rico",earthquake
2015-03-18T01:45:55.300Z,19.9671,-64.9742,54,3.5,Md,9,306,1.67625632,0.23,pr,pr15077001,2015-03-18T09:48:39.113Z,"175km NNW of Road Town, British Virgin Islands",earthquake
2015-03-18T01:22:18.770Z,-0.6954,122.331,40.73,4.9,mb,,54,0.559,1.2,us,us10001nc9,2015-03-18T09:24:51.758Z,"58km WNW of Luwuk, Indonesia",earthquake
2015-03-18T01:18:59.000Z,19.7502,-66.0859,84,3.7,Md,11,302.4,1.3339982,0.25,pr,pr15077000,2015-03-18T09:21:41.688Z,"142km N of San Juan, Puerto Rico",earthquake
2015-03-17T23:45:32.740Z,36.5879,-97.6126,3.36,4.2,mb_lg,,25,0.309,0.53,us,us10001nbd,2015-03-18T15:07:47.488Z,"26km SSE of Medford, Oklahoma",earthquake
2015-03-17T23:43:51.800Z,-29.5011,-71.7125,39.7,4.4,mb,,184,1.01,1.23,us,us10001nba,2015-03-18T07:46:35.150Z,"61km NW of Coquimbo, Chile",earthquake
2015-03-17T22:31:53.500Z,19.2565,-64.6936,35,3.2,Md,6,306,1.09594465,0.28,pr,pr15076000,2015-03-18T06:34:24.082Z,"93km N of Road Town, British Virgin Islands",earthquake
2015-03-17T22:12:28.980Z,1.6576,126.4902,45.75,6.2,mww,,18,1.241,0.94,us,us10001nab,2015-03-18T12:59:14.040Z,"137km NW of Kota Ternate, Indonesia",earthquake
2015-03-17T21:56:25.400Z,19.3799,-65.8424,36,2.9,Md,3,295.2,1.10133454,0.2,pr,pr15076004,2015-03-18T05:58:59.144Z,"104km NNE of San Juan, Puerto Rico",earthquake
2015-03-17T21:14:11.650Z,35.6821,5.6433,10,4.4,mb,,92,3.013,1.16,us,us10001n98,2015-03-18T05:16:53.019Z,"0km N of Ras el Aioun, Algeria",earthquake
2015-03-17T20:42:17.000Z,61.7284,-150.8467,78.4,2.6,ml,,,,1.01,ak,ak11530482,2015-03-18T04:44:48.296Z,"42km W of Willow, Alaska",earthquake
2015-03-17T20:16:18.270Z,-17.8036,-178.532,549.98,5.4,mb,,50,3.254,1.24,us,us10001n7n,2015-03-18T04:19:01.458Z,"269km SE of Lambasa, Fiji",earthquake
2015-03-17T20:11:06.430Z,39.2594,71.3453,66.95,4,mb,,91,2.214,1.68,us,us10001n7k,2015-03-18T04:13:35.540Z,"15km W of Karakenja, Tajikistan",earthquake
2015-03-17T19:37:57.330Z,-7.4761,156.2449,71.09,4.9,mb,,65,4.149,0.58,us,us10001n77,2015-03-18T03:41:32.254Z,"95km NW of Gizo, Solomon Islands",earthquake
2015-03-17T17:31:07.820Z,-24.3062,-67.089,165.27,4.3,mb,,94,2.375,1.34,us,us10001n60,2015-03-18T01:33:49.100Z,"78km W of San Antonio de los Cobres, Argentina",earthquake
2015-03-17T16:14:59.000Z,59.4712,-153.8131,186.8,2.9,ml,,,,0.72,ak,ak11530335,2015-03-18T00:17:28.197Z,"69km ESE of Old Iliamna, Alaska",earthquake
2015-03-17T16:09:22.100Z,34.2098333,-116.8455,7.31,2.52,ml,83,32,0.0814,0.15,ci,ci37341080,2015-03-17T23:14:16.273Z,"6km S of Big Bear City, California",earthquake
2015-03-17T16:01:54.980Z,-4.7121,133.6209,34.15,4.5,mb,,143,2.246,1.02,us,us10001n5f,2015-03-18T00:04:33.630Z,"134km NNW of Dobo, Indonesia",earthquake
2015-03-17T15:57:15.430Z,36.0978,0.4344,11.53,4.3,mb,,167,0.179,0.88,us,us10001n61,2015-03-18T00:00:11.193Z,"36km ENE of Mostaganem, Algeria",earthquake
2015-03-17T15:48:04.110Z,44.6234,146.8194,27.45,4.7,mb,,134,3.072,0.56,us,us10001n53,2015-03-17T23:50:47.689Z,"91km N of Shikotan, Russia",earthquake
2015-03-17T15:15:43.500Z,36.6538,-97.8744,6,2.6,ml,,64,,0.52,us,us10001n5g,2015-03-17T23:18:19.446Z,"21km SW of Medford, Oklahoma",earthquake
2015-03-17T15:14:42.000Z,63.5868,-150.7584,11.2,3.5,ml,,,,0.86,ak,ak11530318,2015-03-17T23:17:24.482Z,"92km WNW of Cantwell, Alaska",earthquake
2015-03-17T14:48:26.430Z,35.7558,140.0684,100.39,4.4,mb,,97,0.484,0.62,us,us10001n3l,2015-03-17T22:50:56.724Z,"4km S of Shiroi, Japan",earthquake
2015-03-17T14:19:29.000Z,59.6726,-152.358,111.4,2.6,ml,,,,0.57,ak,ak11530309,2015-03-17T22:22:01.778Z,"31km WSW of Anchor Point, Alaska",earthquake
2015-03-17T14:10:53.000Z,59.794,-152.1173,69,3,ml,,,,0.57,ak,ak11530304,2015-03-17T22:13:29.340Z,"16km W of Anchor Point, Alaska",earthquake
2015-03-17T13:31:31.100Z,35.5441,-96.7609,5,2.8,ml,,65,,0.64,us,us10001n36,2015-03-17T16:05:27.650Z,"9km NW of Prague, Oklahoma",earthquake
2015-03-17T12:02:36.100Z,19.7194,-66.0985,7,3.4,Md,9,302.4,1.30076053,0.56,pr,pr15076003,2015-03-17T20:05:04.378Z,"138km N of San Juan, Puerto Rico",earthquake
2015-03-17T11:39:39.100Z,19.7749,-65.9876,72,4,Md,14,291.6,1.38879543,0.5,pr,pr15076002,2015-03-17T13:34:19.419Z,"145km N of San Juan, Puerto Rico",earthquake
2015-03-17T11:11:17.100Z,36.3316,-97.198,5,2.5,ml,,113,,0.42,us,us10001n3h,2015-03-17T21:14:23.035Z,"9km ENE of Perry, Oklahoma",earthquake
2015-03-17T10:56:20.200Z,-0.6851,122.2644,16.24,4.4,mb,,72,0.618,0.57,us,us10001n0q,2015-03-17T18:58:50.110Z,"65km WNW of Luwuk, Indonesia",earthquake
2015-03-17T10:31:43.290Z,-0.5908,122.4168,28.34,4.8,mb,,34,0.571,1.05,us,us10001n0c,2015-03-17T18:34:14.999Z,"57km NW of Luwuk, Indonesia",earthquake
2015-03-17T10:11:18.500Z,36.2878,26.607,116.24,4.4,mb,,82,0.865,1.03,us,us10001n08,2015-03-17T18:14:01.843Z,"37km SE of Astypalaia, Greece",earthquake
2015-03-17T09:59:10.900Z,27.8736,139.3708,512.06,4.3,mb,,71,2.617,0.57,us,us10001n07,2015-03-17T18:02:12.736Z,"294km WNW of Chichi-shima, Japan",earthquake
2015-03-17T08:45:46.460Z,40.4280014,-125.5241699,5.09,2.75,md,26,282,0.9768,0.28,nc,nc72412660,2015-03-17T16:48:32.864Z,"108km W of Ferndale, California",earthquake
2015-03-17T07:28:57.230Z,36.6458,-97.8552,5,2.6,mb_lg,,45,0.174,0.6,us,us10001mzt,2015-03-17T15:31:29.722Z,"20km SSW of Medford, Oklahoma",earthquake
2015-03-17T05:50:10.440Z,37.0019,-97.8145,5,3.2,mb_lg,,38,0.116,0.72,us,us10001mzg,2015-03-17T12:43:13.297Z,"18km W of Caldwell, Kansas",earthquake
2015-03-17T05:36:47.280Z,40.1710014,-121.0634995,0.04,3.79,mw,84,76,0.1865,0.39,nc,nc72412550,2015-03-18T04:14:01.420Z,"10km WNW of Greenville, California",earthquake
2015-03-17T05:16:33.900Z,18.6779,-66.6641,16,2.8,Md,15,219.6,0.23625692,0.36,pr,pr15076001,2015-03-17T13:19:04.341Z,"23km NNE of Arecibo, Puerto Rico",earthquake
2015-03-17T04:47:30.000Z,61.2707,-141.6526,5.5,3.2,ml,,,,0.78,ak,ak11530234,2015-03-17T12:50:11.056Z,"140km NNE of Cape Yakataga, Alaska",earthquake
2015-03-17T04:45:38.000Z,61.0994,-151.0286,57,2.5,ml,,,,0.91,ak,ak11530230,2015-03-17T12:48:22.194Z,"47km NNE of Nikiski, Alaska",earthquake
2015-03-17T03:20:20.350Z,33.2278333,-115.9655,6.04,2.98,ml,64,26,0.05484,0.18,ci,ci37340624,2015-03-17T15:49:45.810Z,"8km S of Salton City, California",earthquake
2015-03-17T00:03:59.930Z,36.3551,-97.1083,3.55,3,mb_lg,,27,0.371,0.49,us,us10001mxc,2015-03-17T08:06:33.315Z,"17km ENE of Perry, Oklahoma",earthquake
2015-03-16T22:50:19.470Z,35.8389,5.6538,10,4,mb,,99,3.003,1.12,us,us10001mzr,2015-03-18T00:53:41.404Z,"18km N of Ras el Aioun, Algeria",earthquake
2015-03-16T22:46:09.450Z,35.8403,-97.2669,5.17,3.2,mb_lg,,34,0.158,0.29,us,us10001mx8,2015-03-16T23:57:49.936Z,"11km S of Langston, Oklahoma",earthquake
2015-03-16T22:33:27.800Z,28.0077,139.6283,490.12,4.4,mb,,60,2.444,0.72,us,us10001mx1,2015-03-17T06:35:55.786Z,"275km WNW of Chichi-shima, Japan",earthquake
2015-03-16T22:06:36.230Z,-5.7135,151.1048,74.81,5.1,mb,,56,1.843,1.2,us,us10001mwt,2015-03-17T06:09:17.947Z,"108km E of Kimbe, Papua New Guinea",earthquake
2015-03-16T21:26:27.600Z,19.3269,-65.2602,51,3.2,Md,4,331.2,1.01419796,0.23,pr,pr15075003,2015-03-17T05:29:06.396Z,"113km N of Culebra, Puerto Rico",earthquake
2015-03-16T18:24:46.400Z,19.6625,-63.5817,74,3.4,Md,4,345.6,2.0984645,0.1,pr,pr15075002,2015-03-17T02:27:14.473Z,"169km NNW of The Valley, Anguilla",earthquake
2015-03-16T18:05:38.730Z,49.3085,-129.5462,10,4,mb,,186,3.02,1.3,us,us10001mte,2015-03-17T02:08:17.049Z,"217km SW of Port Hardy, Canada",earthquake
2015-03-16T17:43:49.600Z,36.6343,-97.6491,5.8,2.8,ml,,90,,0.85,us,us10001mtp,2015-03-16T22:02:21.751Z,"20km SSE of Medford, Oklahoma",earthquake
2015-03-16T17:39:29.150Z,-0.3957,120.0125,34.23,4.4,mb,,76,1.682,0.85,us,us10001mta,2015-03-17T01:42:11.968Z,"57km NNE of Palu, Indonesia",earthquake
2015-03-16T16:40:01.800Z,36.63,-98.0972,6.359,2.8,ml,,87,,0.36,us,us10001msx,2015-03-17T00:42:29.760Z,"18km ENE of Helena, Oklahoma",earthquake
2015-03-16T16:31:46.000Z,35.8192,-97.4471,5,2.6,ml,,69,,0.37,us,us10001msv,2015-03-17T00:34:29.343Z,"6km SSW of Guthrie, Oklahoma",earthquake
2015-03-16T16:23:07.500Z,19.2889,-65.1843,55,3.1,Md,3,331.2,0.97916366,0.1,pr,pr15075001,2015-03-17T13:21:11.040Z,"108km NNW of Charlotte Amalie, U.S. Virgin Islands",earthquake
2015-03-16T16:13:06.000Z,19.2381,-65.194,54,3.1,Md,8,306,0.928858,0.23,pr,pr15075000,2015-03-17T00:15:39.683Z,"103km NNW of Charlotte Amalie, U.S. Virgin Islands",earthquake
2015-03-16T15:49:49.050Z,45.6587,26.4354,115.7,4.5,mb,,56,0.22,0.76,us,us10001msg,2015-03-17T19:35:28.381Z,"17km SE of Comandau, Romania",earthquake
2015-03-16T15:28:46.900Z,35.812,-97.2366,5.73,3,ml,,78,,0.38,us,us10001msn,2015-03-16T17:00:41.099Z,"14km S of Langston, Oklahoma",earthquake
2015-03-16T14:23:51.240Z,26.7906,128.2807,55.2,4.5,mb,,65,0.045,0.75,us,us10001ms2,2015-03-18T00:53:33.780Z,"37km NE of Nago, Japan",earthquake
2015-03-16T14:15:51.500Z,35.8121,-97.2395,4.3,3,ml,,78,,0.5,us,us10001ms3,2015-03-16T16:59:00.071Z,"14km S of Langston, Oklahoma",earthquake
2015-03-16T13:54:49.270Z,28.0506,131.0746,19.63,4.6,mb,,68,2.225,0.69,us,us10001mru,2015-03-17T14:44:39.985Z,"160km ESE of Naze, Japan",earthquake
2015-03-16T13:48:41.590Z,7.784,-71.918,49.04,4.5,mb,,59,1.675,0.55,us,us10001mrt,2015-03-16T21:51:18.413Z,"15km SSE of San Jose de Bolivar, Venezuela",earthquake
2015-03-16T13:19:00.700Z,35.8053,-97.233,6.955,3.2,ml,,72,,0.54,us,us10001mqr,2015-03-16T17:01:08.847Z,"15km S of Langston, Oklahoma",earthquake
2015-03-16T11:18:37.850Z,37.4155,20.1771,30.72,4.4,mb,,163,1.413,0.75,us,us10001mqf,2015-03-16T19:21:11.516Z,"66km WSW of Mouzaki, Greece",earthquake
2015-03-16T11:13:11.080Z,36.4983,3.0692,10,3.7,mb,,87,2.013,1.31,us,us10001mqk,2015-03-16T21:35:57.571Z,"4km SSW of Bougara, Algeria",earthquake
2015-03-16T07:19:20.820Z,40.315,-124.5883333,20.42,2.52,md,31,240,0.2326,0.15,nc,nc72412135,2015-03-16T20:43:04.708Z,"39km SW of Ferndale, California",earthquake
2015-03-16T06:13:12.370Z,37.1989,-97.881,7.51,2.9,mb_lg,,40,0.002,0.25,us,us10001mpu,2015-03-16T14:15:38.836Z,"14km ENE of Anthony, Kansas",earthquake
2015-03-16T05:48:27.120Z,37.213,-97.878,7.97,3.5,mb_lg,,43,0.015,0.31,us,us10001mps,2015-03-17T02:52:48.434Z,"15km ENE of Anthony, Kansas",earthquake
2015-03-16T04:45:39.920Z,-17.7708,-178.594,559.89,4.5,mb,,72,3.195,0.91,us,us10001mpn,2015-03-16T12:48:09.980Z,"262km SE of Lambasa, Fiji",earthquake
2015-03-16T03:21:43.900Z,-4.1176,151.9617,198.21,4.5,mb,,128,0.214,1.04,us,us10001mpc,2015-03-16T11:24:22.684Z,"24km WNW of Rabaul, Papua New Guinea",earthquake
2015-03-16T03:00:06.370Z,-4.1005,152.0423,198.87,5.9,mwp,,20,0.15,0.96,us,us10001mp3,2015-03-17T04:54:18.000Z,"17km NW of Rabaul, Papua New Guinea",earthquake
2015-03-16T02:29:40.000Z,-24.1499,-67.1057,217.29,4.2,mb,,75,2.256,1.18,us,us10001mp0,2015-03-16T10:32:20.532Z,"80km W of San Antonio de los Cobres, Argentina",earthquake
2015-03-16T01:39:47.160Z,-9.4996,112.9397,55.31,4.2,mb,,87,1.575,0.86,us,us10001mny,2015-03-16T09:42:27.370Z,"123km SSE of Krajan Tambakrejo, Indonesia",earthquake
2015-03-16T00:28:02.450Z,-18.2516,-177.9303,612.82,4.4,mb,,94,3.855,0.6,us,us10001mnj,2015-03-16T08:30:34.802Z,"277km NNE of Ndoi Island, Fiji",earthquake
2015-03-15T23:17:17.200Z,-0.5154,122.3195,31.5,5.9,mwb,,16,0.691,1.16,us,us10001mm0,2015-03-17T04:43:51.000Z,"70km NW of Luwuk, Indonesia",earthquake
2015-03-15T22:47:35.450Z,-26.1539,-11.4976,14.49,5.4,mb,,81,11.475,0.45,us,us10001mlp,2015-03-16T06:50:10.107Z,"Southern Mid-Atlantic Ridge",earthquake
2015-03-15T21:29:58.140Z,-15.0892,166.7743,58.35,5.3,mb,,57,6.952,0.93,us,us10001ml5,2015-03-16T05:32:41.488Z,"29km W of Port-Olry, Vanuatu",earthquake
2015-03-15T21:19:13.750Z,-9.7146,112.8514,40.33,4.5,mb,,89,1.782,1.12,us,us10001ml0,2015-03-16T05:21:57.067Z,"145km S of Krajan Tambakrejo, Indonesia",earthquake
2015-03-15T20:21:07.420Z,36.7437,71.3891,173.8,4.4,mb,,69,0.754,0.57,us,us10001mk9,2015-03-16T04:23:51.420Z,"14km WNW of Ashkasham, Afghanistan",earthquake
2015-03-15T18:42:45.870Z,-4.8884,101.6339,25.6,4.6,mb,,114,1.418,1.07,us,us10001mk0,2015-03-16T02:45:27.687Z,"139km SSW of Bengkulu, Indonesia",earthquake
2015-03-15T18:35:02.700Z,18.9545,-64.995,34,2.9,Md,4,334.8,0.69888929,0.17,pr,pr15074004,2015-03-16T02:37:37.313Z,"68km N of Charlotte Amalie, U.S. Virgin Islands",earthquake
2015-03-15T18:23:19.000Z,65.8993,-147.0877,1.1,3.1,ml,,,,0.69,ak,ak11529274,2015-03-16T02:25:53.851Z,"110km SW of Fort Yukon, Alaska",earthquake
2015-03-15T17:22:04.430Z,11.8858,-89.063,44.06,4.5,mb,,175,1.797,0.74,us,us10001mjq,2015-03-16T01:24:30.921Z,"164km SSW of Puerto El Triunfo, El Salvador",earthquake
2015-03-15T16:44:32.580Z,-0.9246,123.1798,50.92,4.3,mb,,74,0.424,0.62,us,us10001mjh,2015-03-16T00:47:01.477Z,"43km E of Luwuk, Indonesia",earthquake
2015-03-15T16:25:37.780Z,13.7343,-92.8376,51.71,5.1,mb,,92,1.358,0.7,us,us10001mjg,2015-03-16T00:28:23.789Z,"110km SW of Ocos, Guatemala",earthquake
2015-03-15T16:24:31.580Z,38.9658,68.7859,28.38,4.5,mb,,115,2.317,0.94,us,us10001mjf,2015-03-16T00:27:01.623Z,"17km NW of Tagob, Tajikistan",earthquake
2015-03-15T14:22:55.530Z,-5.7905,130.3558,46.93,5.2,mb,,33,2.37,0.96,us,us10001mj9,2015-03-15T22:25:39.218Z,"261km NNW of Saumlaki, Indonesia",earthquake
2015-03-15T14:01:02.890Z,43.0819,76.9033,26.09,4.8,mb,,58,4.681,0.59,us,us10001mj7,2015-03-16T06:13:36.210Z,"19km SSW of Almaty, Kazakhstan",earthquake
2015-03-15T12:50:14.240Z,35.7577,-97.3733,7.7,2.5,mb_lg,,38,0.076,0.44,us,us10001mmy,2015-03-16T15:24:12.528Z,"14km SSE of Guthrie, Oklahoma",earthquake
2015-03-15T11:22:14.200Z,35.6646,5.6814,10,4.7,mb,,93,2.983,0.98,us,us10001mic,2015-03-15T19:24:47.341Z,"3km ESE of Ras el Aioun, Algeria",earthquake
2015-03-15T10:50:53.980Z,37.482,-118.8386667,3.3,2.78,md,31,60,0.1081,0.05,nc,nc72411625,2015-03-16T23:45:06.931Z,"21km SSE of Mammoth Lakes, California",earthquake
2015-03-15T09:20:03.000Z,58.1428,-154.7425,78.9,3.3,ml,,,,0.77,ak,ak11528981,2015-03-18T16:54:06.968Z,"81km NW of Larsen Bay, Alaska",earthquake
2015-03-15T08:56:09.000Z,60.9646,-150.8301,2.5,2.6,ml,,,,0.9,ak,ak11528977,2015-03-15T16:59:10.845Z,"39km NE of Nikiski, Alaska",earthquake
2015-03-15T08:03:13.720Z,12.6818,119.9335,35,4.5,mb,,88,7.546,0.62,us,us10001mhu,2015-03-15T16:05:55.877Z,"50km N of Buluang, Philippines",earthquake
2015-03-15T08:00:39.500Z,18.652,-65.1311,34,2.8,Md,9,298.8,0.3701059,0.09,pr,pr15074003,2015-03-15T16:03:14.023Z,"40km NNW of Charlotte Amalie, U.S. Virgin Islands",earthquake
2015-03-15T07:02:35.780Z,37.9603333,-77.9526667,4.96,2.8,mlg,13,46,0.05856,0.21,se,se60005318,2015-03-17T21:26:52.966Z,"9km SSE of Louisa, Virginia",earthquake
2015-03-15T05:19:14.920Z,36.5911,-97.3516,3.31,2.9,mb_lg,,48,0.204,0.42,us,us10001mh9,2015-03-15T13:21:52.310Z,"10km SSW of Tonkawa, Oklahoma",earthquake
2015-03-15T05:10:04.280Z,36.2691,-97.2814,6.03,3.1,mb_lg,,56,0.473,0.38,us,us10001mh8,2015-03-16T03:27:50.103Z,"2km SSE of Perry, Oklahoma",earthquake
2015-03-15T04:47:21.200Z,18.7214,146.4191,57.52,5.8,mwp,,57,5.315,0.73,us,us10001mh6,2015-03-17T04:01:15.000Z,"79km E of Agrihan, Northern Mariana Islands",earthquake
2015-03-15T04:20:05.870Z,40.5776667,-124.8376667,10.51,2.75,md,64,250,0.4935,0.22,nc,nc72411520,2015-03-17T00:00:06.248Z,"48km W of Ferndale, California",earthquake
2015-03-15T03:23:04.740Z,15.1619,146.3254,69.13,4.4,mb,,98,2.106,0.52,us,us10001mgz,2015-03-15T11:25:34.529Z,"61km E of Saipan, Northern Mariana Islands",earthquake
2015-03-15T02:59:47.290Z,-21.9878,-68.8425,102.55,4.6,mb,,46,0.417,0.72,us,us10001mgq,2015-03-15T11:02:19.684Z,"53km N of Calama, Chile",earthquake
2015-03-15T02:58:04.540Z,36.6048,-97.6888,5,2.6,mb_lg,,71,0.257,0.23,us,us10001mgn,2015-03-15T03:42:18.076Z,"22km S of Medford, Oklahoma",earthquake
2015-03-15T02:17:03.150Z,-22.2706,-176.3995,67.9,5.2,mb,,40,6.842,1.01,us,us10001mgf,2015-03-15T21:48:00.040Z,"171km SW of Vaini, Tonga",earthquake
2015-03-15T00:21:48.920Z,-14.6651,-73.506,88.71,4.4,mb,,148,4.773,1.29,us,us10001mg0,2015-03-15T08:24:22.235Z,"46km ENE of Tambo, Peru",earthquake
2015-03-14T23:32:54.810Z,-71.7919,-126.3183,10,5,mb,,79,17.474,0.77,us,us10001mft,2015-03-15T07:35:32.395Z,"186km N of Siple, Mount, Antarctica",earthquake
2015-03-14T23:15:12.850Z,-5.6732,146.3768,68.14,4.9,mb,,74,3.738,0.78,us,us10001mfq,2015-03-14T23:34:21.818Z,"81km SE of Madang, Papua New Guinea",earthquake
2015-03-14T22:41:14.500Z,-15.3627,-173.3948,10,4.6,mb,,88,2.13,0.6,us,us10001mfk,2015-03-15T06:43:49.443Z,"75km NNE of Hihifo, Tonga",earthquake
2015-03-14T22:30:59.920Z,-5.729,146.4032,81.06,4.8,mb,,57,3.728,0.67,us,us10001mfe,2015-03-15T06:33:42.672Z,"85km NE of Kainantu, Papua New Guinea",earthquake
2015-03-14T21:59:14.940Z,-2.173,141.4916,10,5.2,mb,,91,9.13,0.71,us,us10001mf9,2015-03-15T06:01:44.818Z,"59km NNE of Vanimo, Papua New Guinea",earthquake
2015-03-14T21:39:36.000Z,52.0941,-170.2445,34.9,2.6,ml,9,230.399981568002,,0.52,ak,ak11530777,2015-03-18T02:30:02.334Z,"67km SSE of Yunaska Island, Alaska",earthquake
2015-03-14T21:28:12.000Z,51.0168,179.4503,0.4,3.5,ml,11,291.599976672002,,0.51,ak,ak11528718,2015-03-18T02:28:25.529Z,"104km S of Semisopochnoi Island, Alaska",earthquake
2015-03-14T21:13:14.300Z,36.5794,-97.373,5,3,mb_lg,,49,0.224,0.66,us,us10001mf4,2015-03-15T05:15:49.634Z,"12km SSW of Tonkawa, Oklahoma",earthquake
2015-03-14T20:21:32.540Z,-18.4079,-175.3665,208.04,4.9,mb,,56,5.196,1.01,us,us10001mes,2015-03-15T04:24:01.414Z,"148km W of Neiafu, Tonga",earthquake
2015-03-14T20:17:30.620Z,36.8872,-104.7814,1.32,3.7,ml,,45,0.388,0.63,us,us10001men,2015-03-14T22:18:46.844Z,"30km W of Raton, New Mexico",earthquake
2015-03-14T18:39:53.510Z,4.055,126.906,50.17,4.6,mb,,93,3.293,0.67,us,us10001me7,2015-03-17T16:48:26.927Z,"218km SE of Sarangani, Philippines",earthquake
2015-03-14T17:33:10.000Z,58.3139,-156.4059,158.9,2.8,ml,16,208.799983296001,,0.83,ak,ak11530762,2015-03-18T02:29:02.066Z,"44km SSE of King Salmon, Alaska",earthquake
2015-03-14T17:21:53.140Z,1.9324,126.585,48.84,4.4,mb,,133,1.392,0.99,us,us10001mdv,2015-03-17T14:58:37.307Z,"153km NW of Kota Ternate, Indonesia",earthquake
2015-03-14T16:03:47.020Z,-27.802,-71.1155,34.88,5.1,mb,,129,0.388,1.16,us,us10001mda,2015-03-15T02:17:36.068Z,"91km WSW of Copiapo, Chile",earthquake
2015-03-14T15:50:34.000Z,52.4422,-168.9417,24.2,3.4,ml,21,219.599982432001,,0.67,ak,ak11528629,2015-03-18T02:28:43.823Z,"55km S of Nikolski, Alaska",earthquake
2015-03-14T15:36:10.350Z,34.2892,141.7599,22.88,5.4,mb,,146,2,0.96,us,us10001md6,2015-03-14T23:38:45.728Z,"163km SE of Katsuura, Japan",earthquake
2015-03-14T15:27:08.000Z,61.5459,-147.4025,12.2,2.6,ml,79,46.7999962560003,,0.67,ak,ak11528590,2015-03-18T02:27:27.907Z,"72km NW of Valdez, Alaska",earthquake
2015-03-14T14:40:57.100Z,37.0521667,-121.4855,6.68,2.51,md,83,35,0.0525,0.06,nc,nc72411140,2015-03-16T21:57:06.668Z,"8km NE of Gilroy, California",earthquake
2015-03-14T14:31:17.000Z,53.75,-164.8335,59.2,2.8,ml,25,212.399983008001,,0.35,ak,ak11528584,2015-03-18T02:29:20.420Z,"75km SE of Akutan, Alaska",earthquake
2015-03-14T13:57:46.720Z,36.7201,-97.6226,5,3.1,mb_lg,,28,0.231,0.4,us,us10001mca,2015-03-16T15:09:20.077Z,"13km SE of Medford, Oklahoma",earthquake
2015-03-14T13:48:26.990Z,24.6008,125.4838,48.71,4.6,mb,,95,2.255,1.39,us,us10001mci,2015-03-14T15:49:13.083Z,"29km SE of Hirara, Japan",earthquake
2015-03-14T12:37:12.000Z,19.3112,-155.212,8.6,2.8,Ml,,93.6,0.03593261,0.09,hv,hv60872226,2015-03-16T23:00:08.965Z,"13km SSE of Volcano, Hawaii",earthquake
2015-03-14T11:52:19.750Z,34.5771667,-116.268,2.03,3.2,ml,34,28,0.1427,0.15,ci,ci37338184,2015-03-15T08:13:28.821Z,"19km SSW of Ludlow, California",earthquake
2015-03-14T10:27:17.000Z,53.6919,-165.8749,41.3,2.5,ml,25,194.399984448001,,0.46,ak,ak11528536,2015-03-18T02:30:20.114Z,"48km ESE of Unalaska, Alaska",earthquake
2015-03-14T08:05:57.230Z,6.748,-72.9986,158.54,4.5,mb,,120,2.303,0.91,us,us10001mbq,2015-03-14T16:08:29.552Z,"6km NNE of Aratoca, Colombia",earthquake
2015-03-14T07:31:16.320Z,32.8738,-96.9021,5,2.6,mb_lg,,63,0.03,0.72,us,us10001mc1,2015-03-16T17:48:10.607Z,"5km S of Farmers Branch, Texas",earthquake
2015-03-14T06:13:36.590Z,12.6717,-87.8852,65.88,4.7,mb,,141,0.439,1.16,us,us10001mbh,2015-03-14T14:16:03.401Z,"47km W of Jiquilillo, Nicaragua",earthquake
2015-03-14T06:13:34.990Z,33.1789,115.7976,10,4.7,mb,,56,5.024,0.59,us,us10001mbl,2015-03-14T14:16:07.971Z,"13km E of Taihe Chengguanzhen, China",earthquake
2015-03-14T06:13:18.160Z,-15.0407,166.8747,35.12,4.9,mb,,118,7.005,0.74,us,us10001mbj,2015-03-14T14:15:55.713Z,"18km W of Port-Olry, Vanuatu",earthquake
2015-03-14T04:51:28.790Z,35.4546667,-83.2798333,0.11,2.82,md,27,47,0.3737,0.36,se,se60094161,2015-03-18T13:36:47.276Z,"3km ESE of Cherokee, North Carolina",earthquake
2015-03-14T03:39:20.330Z,38.9338333,-123.6206667,3.49,2.61,md,21,227,0.123,0.1,nc,nc72410770,2015-03-14T14:47:18.927Z,"6km ENE of Point Arena, California",earthquake
2015-03-14T03:21:34.920Z,-17.5156,-14.1055,10,4.7,mb,,68,8.157,0.66,us,us10001mb2,2015-03-14T11:24:08.619Z,"Southern Mid-Atlantic Ridge",earthquake
2015-03-14T03:20:55.200Z,36.3515,-97.2247,3.09,2.9,mb_lg,,53,0.41,0.54,us,us10001mb1,2015-03-16T15:15:24.491Z,"8km NE of Perry, Oklahoma",earthquake
2015-03-14T01:24:25.000Z,62.8696,-143.586,0.1,2.5,ml,,,,0.78,ak,ak11528457,2015-03-18T02:29:37.637Z,"60km SSW of Tok, Alaska",earthquake
2015-03-14T00:18:44.150Z,-57.4706,-66.7368,10,4.7,mb,,157,4.977,0.76,us,us10001mae,2015-03-14T08:21:15.519Z,"Drake Passage",earthquake
2015-03-13T22:56:40.300Z,18.8178,-66.1624,43,2.6,Md,11,230.4,0.48509025,0.38,pr,pr15072004,2015-03-14T06:59:19.059Z,"39km N of San Juan, Puerto Rico",earthquake
2015-03-13T22:54:01.630Z,36.1264,-97.5547,1.36,2.8,mb_lg,,35,0.338,0.44,us,us10001m9h,2015-03-14T06:56:31.095Z,"19km N of Crescent, Oklahoma",earthquake
2015-03-13T22:11:48.200Z,19.2096,-66.5406,24,2.6,Md,12,266.4,0.72763538,0.23,pr,pr15072005,2015-03-14T06:14:15.459Z,"82km N of Tierras Nuevas Poniente, Puerto Rico",earthquake
2015-03-13T21:18:46.260Z,-6.3617,146.1709,103.58,4.9,mb,,34,3.178,0.93,us,us10001m96,2015-03-14T05:21:18.081Z,"34km ESE of Kainantu, Papua New Guinea",earthquake
2015-03-13T21:14:58.000Z,53.7685,-164.8581,71.4,3.1,ml,23,212.399983008001,,0.32,ak,ak11528257,2015-03-17T22:53:58.666Z,"72km SE of Akutan, Alaska",earthquake
2015-03-13T20:56:40.930Z,-18.6849,-177.817,578.76,4.7,mb,,121,4.035,0.69,us,us10001n4f,2015-03-17T16:40:21.017Z,"236km NNE of Ndoi Island, Fiji",earthquake
2015-03-13T19:38:34.000Z,57.2615,-155.7094,60.7,4.4,ml,139,57.5999953920004,,0.71,ak,ak11528201,2015-03-17T22:56:51.731Z,"112km WSW of Larsen Bay, Alaska",earthquake
2015-03-13T19:16:06.960Z,-44.5275,-72.9109,11.99,5,mb,,96,1.514,0.71,us,us10001m7j,2015-03-14T16:25:17.825Z,"29km NW of Puerto Cisnes, Chile",earthquake
2015-03-13T18:19:46.190Z,0.6044,126.6714,66.55,4.7,mb,,54,0.714,0.96,us,us10001m73,2015-03-14T16:08:21.071Z,"79km WSW of Kota Ternate, Indonesia",earthquake
2015-03-13T17:56:16.000Z,54.5982,-162.0355,43.1,2.9,ml,22,208.799983296001,,0.38,ak,ak11528070,2015-03-17T22:54:17.866Z,"78km SE of Cold Bay, Alaska",earthquake
2015-03-13T17:54:37.000Z,51.7857,-167.7062,25.3,2.6,ml,12,287.999976960002,,0.49,ak,ak11530590,2015-03-17T22:55:32.016Z,"150km SSE of Nikolski, Alaska",earthquake
2015-03-13T17:35:13.420Z,-15.9579,-69.571,233.52,4.8,mb,,88,1.422,1.35,us,us10001m6s,2015-03-14T15:46:07.498Z,"17km NE of Ilave, Peru",earthquake
2015-03-13T17:22:13.800Z,36.5116,-99.0311,10.377,2.8,ml,,237,,0.8,us,us10001m8n,2015-03-14T15:47:23.223Z,"17km ENE of Mooreland, Oklahoma",earthquake
2015-03-13T17:14:23.150Z,42.4206667,-111.3603333,-2.98,2.82,ml,28,111,0.394,0.32,uu,uu60104482,2015-03-14T14:17:38.040Z,"12km NNW of Montpelier, Idaho",earthquake
2015-03-13T17:09:22.820Z,42.4136667,-111.37,-2.66,2.9,ml,15,135,0.404,0.29,uu,uu60104477,2015-03-16T16:00:44.050Z,"11km NNW of Montpelier, Idaho",earthquake
2015-03-13T17:09:22.250Z,42.4248333,-111.3998333,-3.36,2.87,ml,26,124,0.406,0.32,uu,uu60104472,2015-03-14T13:59:55.040Z,"14km NW of Montpelier, Idaho",earthquake
2015-03-13T17:04:13.640Z,42.4211667,-111.372,0.11,2.86,ml,17,128,0.398,0.26,uu,uu60104467,2015-03-14T13:53:15.040Z,"12km NNW of Montpelier, Idaho",earthquake
2015-03-13T17:01:35.710Z,42.406,-111.3461667,2.97,2.89,ml,19,126,0.402,0.2,uu,uu60104462,2015-03-14T13:43:09.040Z,"10km NNW of Montpelier, Idaho",earthquake
2015-03-13T16:55:27.100Z,42.412,-111.354,-2.73,3.38,ml,20,127,0.4,0.22,uu,uu60104457,2015-03-13T22:17:08.767Z,"11km NNW of Montpelier, Idaho",earthquake
2015-03-13T16:15:25.850Z,26.3604,141.3255,102.8,4.8,mb,,101,1.061,1.39,us,us10001m5i,2015-03-14T00:23:51.791Z,"119km SW of Chichi-shima, Japan",earthquake
2015-03-13T16:05:10.000Z,18.6462,-64.7496,24,3.1,Md,6,331.2,0.60636282,0.15,pr,pr15072003,2015-03-14T00:07:38.049Z,"29km NNW of Road Town, British Virgin Islands",earthquake
2015-03-13T15:12:49.230Z,34.7822,138.4946,218.49,4.4,mb,,103,0.277,1,us,us10001m4z,2015-03-13T23:15:16.890Z,"17km ESE of Yaizu, Japan",earthquake
2015-03-13T13:52:26.700Z,35.9652,-97.1125,5,2.6,ml,,77,,0.54,us,us10001m9g,2015-03-16T15:27:27.538Z,"7km W of Perkins, Oklahoma",earthquake
2015-03-13T13:33:09.660Z,36.3589,23.1665,32.58,4.4,mwr,,98,1.289,1.24,us,us10001m3c,2015-03-13T19:20:16.969Z,"38km SSE of Gefyra, Greece",earthquake
2015-03-13T12:40:06.700Z,18.5438,-64.9941,96,2.9,Md,4,334.8,0.36112274,0.28,pr,pr15072002,2015-03-13T20:42:46.712Z,"23km NNW of Charlotte Amalie, U.S. Virgin Islands",earthquake
2015-03-13T10:04:27.060Z,36.925,-97.6273,5,3.2,mb_lg,,32,0.148,0.51,us,us10001m2s,2015-03-13T16:42:38.990Z,"12km S of Caldwell, Kansas",earthquake
2015-03-13T09:21:52.800Z,-6.9426,129.2905,149.62,4.6,mb,,63,2.243,1.23,us,us10001m2e,2015-03-13T17:24:32.750Z,"249km WNW of Saumlaki, Indonesia",earthquake
2015-03-13T08:00:45.068Z,41.8571,-119.6435,7.3263,2.67,ml,5,122.74,0.149,0.117,nn,nn00486912,2015-03-14T02:39:33.047Z,"68km ESE of Lakeview, Oregon",earthquake
2015-03-13T07:38:54.020Z,35.7647,-97.3889,5,3.2,mb_lg,,57,0.062,0.44,us,us10001m26,2015-03-14T02:49:19.572Z,"13km SSE of Guthrie, Oklahoma",earthquake
2015-03-13T07:18:12.000Z,61.2979,-147.982,18.5,3.1,ml,,,,0.6,ak,ak11527940,2015-03-17T22:57:08.156Z,"62km ESE of Butte, Alaska",earthquake
2015-03-13T07:14:52.120Z,35.7644,-97.3954,5,2.8,mb_lg,,57,0.058,0.39,us,us10001m28,2015-03-13T15:17:18.967Z,"12km SSE of Guthrie, Oklahoma",earthquake
2015-03-13T07:10:24.260Z,35.9645,-96.7784,3.51,2.9,mb_lg,,60,0.011,0.41,us,us10001m20,2015-03-14T06:01:33.172Z,"2km SSW of Cushing, Oklahoma",earthquake
2015-03-13T06:49:04.340Z,35.7717,-97.3878,5,2.9,mb_lg,,57,0.06,0.52,us,us10001m1w,2015-03-13T14:55:53.368Z,"12km SSE of Guthrie, Oklahoma",earthquake
2015-03-13T06:46:45.450Z,-55.1707,-128.8193,10,4.9,mb,,116,31.469,0.59,us,us10001m1z,2015-03-13T14:49:25.925Z,"Pacific-Antarctic Ridge",earthquake
2015-03-13T06:46:17.030Z,51.9528,160.6302,33.8,4.7,mb,,119,1.617,0.87,us,us10001m1x,2015-03-13T14:49:00.999Z,"181km SE of Petropavlovsk-Kamchatskiy, Russia",earthquake
2015-03-13T06:03:04.000Z,52.1975,-172.2694,25.9,2.8,ml,12,201.599983872001,,0.58,ak,ak11530558,2015-03-17T22:54:56.600Z,"76km WSW of Amukta Island, Alaska",earthquake
2015-03-13T05:29:09.000Z,63.9893,-148.7646,115.5,3.4,ml,,,,0.6,ak,ak11527918,2015-03-13T13:31:52.390Z,"17km NNE of Healy, Alaska",earthquake
2015-03-13T05:26:24.000Z,60.8155,-150.0498,44.2,2.8,ml,,,,0.7,ak,ak11527914,2015-03-17T22:53:40.516Z,"45km S of Anchorage, Alaska",earthquake
2015-03-13T04:14:15.000Z,58.6637,-153.6814,72,2.5,ml,46,86.3999930880005,,0.51,ak,ak11527904,2015-03-17T22:55:49.248Z,"118km NNW of Kodiak Station, Alaska",earthquake
2015-03-13T03:43:13.000Z,19.302,-65.6915,43,2.9,Md,6,306,1.03665584,0.33,pr,pr15072000,2015-03-13T11:45:57.324Z,"97km N of Suarez, Puerto Rico",earthquake
2015-03-13T02:09:40.000Z,53.2601,-161.9514,18.1,2.8,ml,18,266.399978688002,,0.48,ak,ak11527892,2015-03-17T22:55:14.131Z,"201km SSE of False Pass, Alaska",earthquake
2015-03-13T01:02:49.670Z,36.6028,-97.6833,1.29,2.8,mb_lg,,45,0.26,0.47,us,us10001m16,2015-03-13T02:01:09.620Z,"23km S of Medford, Oklahoma",earthquake
2015-03-13T00:54:57.230Z,0.2647,98.5382,40,4.7,mb,,147,1.411,1.08,us,us10001m13,2015-03-13T08:57:30.621Z,"146km SSW of Padangsidempuan, Indonesia",earthquake
2015-03-13T00:27:05.000Z,52.1939,-170.502,81.6,2.7,ml,12,219.599982432001,,0.63,ak,ak11530539,2015-03-17T22:54:35.550Z,"50km SSE of Yunaska Island, Alaska",earthquake
2015-03-12T22:08:57.660Z,-22.4849,170.2283,15.53,4.6,mb,,102,3.529,1.1,us,us10001lzx,2015-03-13T06:11:39.528Z,"187km W of Ile Hunter, New Caledonia",earthquake
2015-03-12T21:55:44.890Z,36.3376,70.1812,141.6,4.2,mb,,70,0.848,0.76,us,us10001lzr,2015-03-13T05:58:27.918Z,"39km SE of Farkhar, Afghanistan",earthquake
2015-03-12T21:18:43.830Z,33.2801667,-116.0003333,3.87,2.65,ml,61,29,0.01213,0.16,ci,ci37118327,2015-03-17T06:51:16.904Z,"5km WSW of Salton City, California",earthquake
2015-03-12T21:03:01.310Z,24.2974,123.7337,21.91,4.7,mb,,71,0.68,0.64,us,us10001lz9,2015-03-13T05:05:33.247Z,"43km W of Ishigaki, Japan",earthquake
2015-03-12T20:35:31.700Z,19.1457,-66.847,21,3.2,Md,14,277.2,0.71865223,0.23,pr,pr15071006,2015-03-13T04:37:59.367Z,"73km N of Hatillo, Puerto Rico",earthquake
2015-03-12T20:35:31.300Z,19.1478,-66.9101,18,3.2,Md,12,280.8,0.70158424,0.47,pr,pr15071007,2015-03-13T04:38:02.741Z,"72km N of Isabela, Puerto Rico",earthquake
2015-03-12T20:34:02.100Z,36.6284,-97.6667,5.274,3.9,mwr,,48,,0.44,us,us10001lyg,2015-03-18T08:31:04.619Z,"20km SSE of Medford, Oklahoma",earthquake
2015-03-12T19:47:14.470Z,52.858,-162.885,10,5.3,mb,,64,2.027,1.31,us,us10001lxx,2015-03-17T18:37:02.070Z,"224km S of False Pass, Alaska",earthquake
2015-03-12T19:32:17.000Z,56.52,-156.922,80.5,3.6,ml,,,,0.69,ak,ak11527689,2015-03-17T18:37:38.357Z,"111km NW of Chirikof Island, Alaska",earthquake
2015-03-12T19:05:36.000Z,63.6242,-149.8769,136.9,2.7,ml,,,,0.48,ak,ak11527669,2015-03-17T00:15:28.595Z,"51km WSW of Healy, Alaska",earthquake
2015-03-12T18:22:21.000Z,19.0387,-66.7805,47,2.9,Md,14,280.8,0.56593863,0.31,pr,pr15071003,2015-03-13T02:25:13.845Z,"61km N of Hatillo, Puerto Rico",earthquake
2015-03-12T17:36:20.450Z,37.5788333,-113.6378333,6.18,2.75,ml,25,88,0.21,0.15,uu,uu60104332,2015-03-13T14:53:27.973Z,"7km E of Enterprise, Utah",earthquake
2015-03-12T17:04:41.750Z,-2.2534,125.1794,41.06,4.1,mb,,68,2.69,1.1,us,us10001lwa,2015-03-13T01:07:16.121Z,"54km SSW of Dofa, Indonesia",earthquake
2015-03-12T15:23:25.570Z,8.0586,-39.5483,8.33,5,mb,,75,14.266,0.75,us,us10001lvy,2015-03-13T17:00:45.850Z,"Central Mid-Atlantic Ridge",earthquake
2015-03-12T14:11:49.800Z,44.4358,-114.1295,11.1,2.5,mc,29,143.999988480001,0.1661883,0.16,mb,mb15100236,2015-03-13T14:21:12.937Z,"11km SE of Challis, Idaho",earthquake
2015-03-12T12:52:20.000Z,52.9481,-162.2805,27.1,2.9,ml,,,,0.41,ak,ak11530082,2015-03-17T00:10:10.909Z,"224km SSE of False Pass, Alaska",earthquake
2015-03-12T11:02:40.350Z,37.3419,141.5514,40.27,5.1,mb,,127,0.801,0.9,us,us10001lvg,2015-03-13T09:10:18.802Z,"51km ESE of Namie, Japan",earthquake
2015-03-12T10:40:26.800Z,36.8381,-98.0546,5.43,2.9,mb_lg,,25,0.129,0.84,us,us10001lvf,2015-03-12T18:42:55.452Z,"28km ENE of Cherokee, Oklahoma",earthquake
2015-03-12T07:50:03.110Z,13.1035,145.5271,42.83,5.2,mb,,45,0.802,0.63,us,us10001luu,2015-03-12T15:52:29.974Z,"83km SE of Yigo Mayor's Office, Guam",earthquake
2015-03-12T07:20:55.500Z,13.1,145.231,43.78,4.7,mb,,105,0.6,0.86,us,us10001lur,2015-03-12T15:23:35.462Z,"55km ESE of Inarajan Village, Guam",earthquake
2015-03-12T07:05:48.000Z,50.9416,-177.8501,27.1,2.9,ml,,,,0.58,ak,ak11530063,2015-03-17T00:08:24.710Z,"95km ESE of Amatignak Island, Alaska",earthquake
2015-03-12T06:50:44.330Z,13.1449,145.2324,45.33,4.9,mb,,97,0.566,0.99,us,us10001luj,2015-03-12T14:53:24.114Z,"53km ESE of Inarajan Mayor's Office, Guam",earthquake
2015-03-12T06:28:11.460Z,13.1353,145.4379,46.39,5,mb,,98,0.714,0.85,us,us10001lug,2015-03-12T06:56:29.789Z,"73km SE of Yigo Mayor's Office, Guam",earthquake
2015-03-12T06:04:03.000Z,51.7912,-174.5892,35.8,2.9,ml,,,,0.11,ak,ak11530060,2015-03-17T00:08:43.079Z,"52km SSW of Atka, Alaska",earthquake
2015-03-12T06:03:43.520Z,13.1503,145.415,40.06,5.1,mb,,94,0.688,0.9,us,us10001lue,2015-03-12T06:22:23.786Z,"70km SE of Yigo Mayor's Office, Guam",earthquake
2015-03-12T05:36:56.800Z,19.0125,-66.4596,19,2.6,Md,8,270,0.71865223,0.25,pr,pr15071000,2015-03-12T13:39:30.453Z,"61km N of Tierras Nuevas Poniente, Puerto Rico",earthquake
2015-03-12T05:14:20.000Z,53.4402,-163.7097,53.9,2.6,ml,,,,0.34,ak,ak11527501,2015-03-17T00:11:05.306Z,"156km ESE of Akutan, Alaska",earthquake
2015-03-12T03:47:52.000Z,51.8138,-175.6717,89.3,3.6,ml,,,,0.49,ak,ak11527495,2015-03-17T00:09:34.838Z,"68km E of Adak, Alaska",earthquake
2015-03-12T03:31:21.000Z,53.0216,-169.0986,130,2.7,ml,15,158.399987328001,,0.34,ak,ak11527491,2015-03-17T18:37:18.035Z,"18km WNW of Nikolski, Alaska",earthquake
2015-03-12T03:14:02.400Z,35.46,-83.2786667,0.48,2.51,md,21,72,0.3783,0.17,se,se60093971,2015-03-17T14:26:18.523Z,"3km ESE of Cherokee, North Carolina",earthquake
2015-03-12T02:36:37.000Z,51.7291,178.5777,88,2.6,ml,,,,0.08,ak,ak11527480,2015-03-17T00:11:22.981Z,"24km SSE of Little Sitkin Island, Alaska",earthquake
2015-03-12T01:19:20.000Z,32.9368,-88.0667,10.79,3.1,mb_lg,,64,0.261,0.45,us,us10001lte,2015-03-13T02:55:24.129Z,"19km WNW of Eutaw, Alabama",earthquake
2015-03-12T00:43:39.000Z,64.9582,-148.0528,18.6,2.6,ml,,,,0.65,ak,ak11527458,2015-03-17T00:08:04.885Z,"12km N of Ester, Alaska",earthquake
2015-03-12T00:42:33.760Z,38.4287,49.1377,45.17,4.5,mb,,56,3.819,0.86,us,us10001ltc,2015-03-12T09:32:23.588Z,"23km E of Astara, Iran",earthquake
2015-03-12T00:39:22.270Z,35.4928,27.7923,10,4.4,mb,,59,0.517,1.23,us,us10001lta,2015-03-12T08:41:58.662Z,"52km E of Karpathos, Greece",earthquake
2015-03-12T00:05:52.000Z,53.4969,-165.3266,52.7,3,ml,,,,0.43,ak,ak11527452,2015-03-17T18:37:57.071Z,"76km SSE of Akutan, Alaska",earthquake
2015-03-12T00:01:20.000Z,53.9696,-164.1262,57.7,2.8,ml,,,,0.43,ak,ak11527450,2015-03-17T00:10:28.239Z,"108km SSW of False Pass, Alaska",earthquake
2015-03-11T23:12:40.000Z,52.0597,-173.2234,38.5,3.5,ml,,,,0.51,ak,ak11529061,2015-03-15T12:26:36.422Z,"68km ESE of Atka, Alaska",earthquake
2015-03-11T19:14:37.290Z,36.4567,71.0811,89.53,4.5,mb,,80,0.781,0.94,us,us10001lne,2015-03-12T03:17:06.518Z,"47km WSW of Ashkasham, Afghanistan",earthquake
2015-03-11T18:53:23.120Z,-30.3516,-177.2397,10,4.9,mb,,100,8.086,0.75,us,us10001ln5,2015-03-12T02:56:06.874Z,"136km SSE of Raoul Island, New Zealand",earthquake
2015-03-11T18:15:59.900Z,36.5197,-99.0239,5,2.6,ml,,236,,0.5,us,us10001lnq,2015-03-12T17:14:01.482Z,"18km ENE of Mooreland, Oklahoma",earthquake
2015-03-11T18:06:58.790Z,55.875,158.1093,57.75,4.3,mb,,115,2.783,0.72,us,us10001lmj,2015-03-12T02:09:39.911Z,"37km W of Esso, Russia",earthquake
2015-03-11T18:02:15.740Z,-17.4643,-178.8191,529.8,4.8,mb,,71,2.996,0.87,us,us10001lmg,2015-03-12T02:04:41.639Z,"223km ESE of Lambasa, Fiji",earthquake
2015-03-11T17:22:38.000Z,60.936,-145.9554,18.1,2.6,ml,,,,0.58,ak,ak11526951,2015-03-15T12:25:30.664Z,"30km SE of Valdez, Alaska",earthquake
2015-03-11T16:49:00.200Z,36.8676,-98.1146,5,2.5,ml,,113,,0.34,us,us10001lpm,2015-03-12T00:51:40.816Z,"24km ENE of Cherokee, Oklahoma",earthquake
2015-03-11T16:47:21.100Z,36.8773,-98.2165,3.955,2.5,ml,,114,,0.54,us,us10001lpd,2015-03-12T00:50:03.940Z,"18km NE of Cherokee, Oklahoma",earthquake
2015-03-11T16:42:05.200Z,36.8745,-98.2179,3.992,2.6,ml,,114,,0.64,us,us10001lmc,2015-03-11T23:17:54.753Z,"18km NE of Cherokee, Oklahoma",earthquake
2015-03-11T16:32:46.220Z,40.4415,-125.3466667,23.22,2.92,ml,28,272,0.8203,0.26,nc,nc72409530,2015-03-12T04:49:03.500Z,"92km W of Ferndale, California",earthquake
2015-03-11T16:23:38.990Z,10.6027,-86.4631,20.91,5.4,mwr,,81,1.016,1.22,us,us10001lk3,2015-03-12T03:16:02.412Z,"89km W of Sardinal, Costa Rica",earthquake
2015-03-11T15:46:30.000Z,66.2719,-149.4585,8.1,2.5,ml,,,,0.87,ak,ak11526831,2015-03-15T12:25:49.006Z,"114km SSE of Coldfoot, Alaska",earthquake
2015-03-11T15:33:57.800Z,36.2731,-97.6433,5.526,2.6,ml,,79,,0.45,us,us10001lk1,2015-03-11T23:36:36.505Z,"22km E of Waukomis, Oklahoma",earthquake
2015-03-11T14:46:33.080Z,1.2461,126.349,45.37,4.9,mb,,36,1.121,0.82,us,us10001ljb,2015-03-11T22:49:15.381Z,"124km WNW of Kota Ternate, Indonesia",earthquake
2015-03-11T14:44:42.800Z,36.1157,-97.3075,4.852,3.3,ml,,65,,0.55,us,us10001lja,2015-03-11T15:46:25.112Z,"19km S of Perry, Oklahoma",earthquake
2015-03-11T13:05:38.560Z,37.0714,-97.8933,10.45,2.9,mb_lg,,55,0.126,0.09,us,us10001liw,2015-03-11T14:42:50.781Z,"15km SE of Anthony, Kansas",earthquake
2015-03-11T09:39:09.990Z,-6.6598,129.6059,158.41,4.9,mb,,82,2.132,1.09,us,us10001lid,2015-03-11T17:41:39.429Z,"236km NW of Saumlaki, Indonesia",earthquake
2015-03-11T09:12:00.980Z,1.1805,97.1486,35,4.5,mb,,202,0.444,0.41,us,us10001li9,2015-03-11T17:14:50.307Z,"167km SSE of Sinabang, Indonesia",earthquake
2015-03-11T08:51:41.650Z,-7.0135,129.6694,131.97,4.6,mb,,67,1.88,1.15,us,us10001lhz,2015-03-11T17:07:06.960Z,"209km WNW of Saumlaki, Indonesia",earthquake
2015-03-11T06:05:50.410Z,31.5233333,-115.657,10.19,2.57,ml,3,172,0.504,0.13,ci,ci37116511,2015-03-11T18:31:37.483Z,"89km ESE of Maneadero, B.C., Mexico",earthquake
2015-03-11T04:38:40.900Z,35.8479,-97.4565,4.02,2.5,mb_lg,,60,0.051,0.42,us,us10001lhd,2015-03-11T23:18:23.127Z,"4km SW of Guthrie, Oklahoma",earthquake
2015-03-11T02:06:32.680Z,38.1828333,-112.6381667,4.46,2.78,ml,27,36,0.294,0.16,uu,uu60104147,2015-03-11T23:01:20.040Z,"10km S of Beaver, Utah",earthquake
2015-03-11T01:56:54.000Z,53.3524,-163.5782,25.8,2.7,ml,,,,0.64,ak,ak11526464,2015-03-15T12:25:13.510Z,"167km S of False Pass, Alaska",earthquake
2015-03-11T01:26:29.800Z,35.986,-97.2091,3.941,2.5,ml,,59,,0.6,us,us10001llv,2015-03-11T22:32:40.567Z,"6km NE of Langston, Oklahoma",earthquake
2015-03-11T01:10:37.760Z,31.3143333,-115.7556667,5.51,2.9,ml,5,304,0.3656,0.08,ci,ci37116359,2015-03-11T18:11:57.555Z,"89km ESE of Maneadero, B.C., Mexico",earthquake
2015-03-11T00:36:21.435Z,41.8735,-119.6361,11.645,2.53,ml,5,122.34,0.143,0.1426,nn,nn00486604,2015-03-17T02:31:32.040Z,"68km ESE of Lakeview, Oregon",earthquake
2015-03-11T00:11:03.220Z,-4.9636,34.4181,14.93,4.3,mb,,163,4.746,1.09,us,us10001mqt,2015-03-18T04:07:58.425Z,"26km SSW of Sepuka, Tanzania",earthquake
2015-03-10T23:31:22.470Z,-8.5156,112.5641,122.82,4.3,mb,,80,1.571,1.24,us,us10001lgg,2015-03-17T02:06:20.095Z,"18km S of Gombangan, Indonesia",earthquake
2015-03-10T23:29:18.270Z,37.7608,141.8975,34.97,4.1,mb,,158,0.883,0.83,us,us10001lge,2015-03-17T02:04:29.367Z,"85km ENE of Namie, Japan",earthquake
2015-03-10T23:26:28.100Z,18.4475,-64.856,98,3,Md,9,194.4,0.2290704,0.15,pr,pr15069008,2015-03-17T01:51:10.040Z,"14km NE of Charlotte Amalie, U.S. Virgin Islands",earthquake
2015-03-10T23:05:43.730Z,-0.1169,123.9853,94.47,4,mb,,107,1.522,1.21,us,us10001m4g,2015-03-17T01:48:28.090Z,"55km S of Molibagu, Indonesia",earthquake
2015-03-10T22:04:52.000Z,50.4576,-173.3183,20,3,ml,7,259.199979264002,,0.48,ak,ak11529989,2015-03-17T00:47:35.091Z,"202km SSE of Atka, Alaska",earthquake
2015-03-10T21:04:43.850Z,39.8496666,-120.828331,2.62,2.69,md,5,146,0.1315,0.03,nc,nc72408940,2015-03-12T04:47:39.456Z,"11km SSE of East Quincy, California",earthquake
2015-03-10T20:55:44.560Z,6.7825,-72.9802,157.08,6.2,mww,,16,2.342,1.18,us,us10001ldx,2015-03-17T17:13:42.922Z,"10km NNE of Aratoca, Colombia",earthquake
2015-03-10T20:47:58.890Z,13.0458,145.4914,39.47,4.9,mb,,61,0.812,0.87,us,us10001ldz,2015-03-11T18:55:12.063Z,"83km ESE of Inarajan Mayor's Office, Guam",earthquake
2015-03-10T20:47:06.000Z,59.9269,-153.4666,120.3,2.5,ml,,,,0.52,ak,ak11526307,2015-03-16T20:13:38.640Z,"74km SSW of Redoubt Volcano, Alaska",earthquake
2015-03-10T20:44:57.840Z,-0.1573,124.9476,68.78,4.9,mb,,42,2.346,1.14,us,us10001ldr,2015-03-11T18:02:14.836Z,"113km SE of Lolayan, Indonesia",earthquake
2015-03-10T20:36:52.600Z,18.9937,-64.8943,34,3.2,Md,8,262.8,0.63151564,0.14,pr,pr15069007,2015-03-11T17:51:46.040Z,"70km NNW of Road Town, British Virgin Islands",earthquake
2015-03-10T20:28:41.300Z,36.2651,-97.2761,5.405,3,ml,,49,,0.66,us,us10001ldj,2015-03-12T04:47:25.950Z,"2km SSE of Perry, Oklahoma",earthquake
2015-03-10T18:22:20.600Z,36.8122,-98.2735,5,2.6,ml,,114,,0.74,us,us10001ld6,2015-03-11T17:11:20.882Z,"9km NE of Cherokee, Oklahoma",earthquake
2015-03-10T17:48:19.910Z,-34.2959,-73.6715,14.92,4.5,mb,,97,2.35,1.6,us,us10001lbz,2015-03-11T16:18:47.010Z,"162km NW of Constitucion, Chile",earthquake
2015-03-10T17:38:58.040Z,13.0546,-88.612,92.18,4.3,mb,,162,0.87,1.09,us,us10001lbu,2015-03-11T16:12:31.182Z,"26km SSW of Puerto El Triunfo, El Salvador",earthquake
2015-03-10T17:11:16.000Z,36.5159,-99.0161,7.088,2.5,ml,,192,,0.37,us,us10001ld9,2015-03-11T16:02:21.134Z,"18km ENE of Mooreland, Oklahoma",earthquake
2015-03-10T17:07:23.640Z,37.7466667,-122.1441667,4.77,3.04,mw,102,18,0.03788,0.11,nc,nc72408845,2015-03-13T18:42:35.078Z,"2km NNE of San Leandro, California",earthquake
2015-03-10T16:36:01.820Z,38.2015,-122.3161667,9.87,2.56,md,98,76,0.03638,0.11,nc,nc72408835,2015-03-12T05:43:30.504Z,"5km WNW of American Canyon, California",earthquake
2015-03-10T16:14:33.000Z,51.9401,-169.4571,52.1,3.2,ml,,,,0.47,ak,ak11526172,2015-03-16T20:13:57.922Z,"114km SE of Yunaska Island, Alaska",earthquake
2015-03-10T16:07:49.000Z,52.0709,-169.4101,47.4,2.9,ml,,,,0.45,ak,ak11526171,2015-03-16T20:14:33.684Z,"103km SSW of Nikolski, Alaska",earthquake
2015-03-10T15:57:47.000Z,61.8643,-151.8658,114.7,3,ml,,,,0.48,ak,ak11526164,2015-03-16T20:13:20.099Z,"97km W of Willow, Alaska",earthquake
2015-03-10T15:27:57.720Z,-52.215,17.0065,15.81,5.3,mb,,41,20.016,0.51,us,us10001l7y,2015-03-10T23:31:32.071Z,"Southwest of Africa",earthquake
2015-03-10T15:11:20.910Z,-14.9626,-178.7995,379.41,4.5,mb,,56,4.096,0.54,us,us10001l7s,2015-03-10T23:13:55.907Z,"100km SW of Sigave, Wallis and Futuna",earthquake
2015-03-10T12:39:49.000Z,-38.046,145.491,0,2.8,ml,,,,1.1,us,us10001lem,2015-03-12T11:42:25.711Z,"3km SW of Pakenham Upper, Australia",earthquake
2015-03-10T12:20:32.000Z,51.7703,-176.1142,49.6,3.6,ml,,,,0.8,ak,ak11526139,2015-03-16T20:07:53.444Z,"39km ESE of Adak, Alaska",earthquake
2015-03-10T11:17:28.680Z,13.0766,145.6206,10,4.9,mb,,62,0.892,0.77,us,us10001l73,2015-03-10T19:19:58.183Z,"93km ESE of Yigo Mayor's Office, Guam",earthquake
2015-03-10T10:28:33.840Z,13.0465,145.567,10,4.9,mb,,63,0.868,0.56,us,us10001l6x,2015-03-10T18:31:07.889Z,"90km SE of Yigo Mayor's Office, Guam",earthquake
2015-03-10T10:06:36.900Z,19.3701,-66.1173,28,3.2,Md,12,284.4,0.97018051,0.28,pr,pr15069006,2015-03-10T18:10:27.517Z,"100km N of San Juan, Puerto Rico",earthquake
2015-03-10T08:21:56.000Z,57.1313,-155.289,43.7,2.8,ml,,,,0.59,ak,ak11526126,2015-03-16T20:08:58.285Z,"91km WSW of Larsen Bay, Alaska",earthquake
2015-03-10T07:52:53.610Z,32.2013333,-115.2773333,0.02,2.95,ml,19,193,0.1984,0.62,ci,ci37115327,2015-03-10T20:14:38.832Z,"10km WSW of Alberto Oviedo Mota, B.C., Mexico",earthquake
2015-03-10T07:06:34.830Z,40.3293333,-124.6571667,13.92,3.79,mw,53,233,0.2845,0.13,nc,nc72408590,2015-03-12T15:47:32.172Z,"43km SW of Ferndale, California",earthquake
2015-03-10T06:58:12.300Z,19.7082,-66.0934,56,3.2,Md,3,302.4,1.59001805,0.05,pr,pr15069004,2015-03-10T08:41:27.250Z,"137km N of San Juan, Puerto Rico",earthquake
2015-03-10T06:46:48.000Z,61.5004,-150.856,61.2,2.9,ml,,,,0.6,ak,ak11526116,2015-03-16T20:07:16.858Z,"48km W of Big Lake, Alaska",earthquake
2015-03-10T06:13:47.200Z,19.4538,-66.3547,95,3.1,Md,5,327.6,1.16601324,0.1,pr,pr15069003,2015-03-10T14:16:17.975Z,"109km N of Brenas, Puerto Rico",earthquake
2015-03-10T05:33:14.600Z,18.8656,-64.3604,30,2.5,Md,4,320.4,0.50754814,0.27,pr,pr15069002,2015-03-10T13:36:02.089Z,"56km NNE of Road Town, British Virgin Islands",earthquake
2015-03-10T04:57:54.540Z,36.6188333,-121.0681667,10.62,2.93,md,92,30,0.04084,0.17,nc,nc72408525,2015-03-12T04:46:26.257Z,"31km NE of Soledad, California",earthquake
2015-03-10T04:21:04.630Z,36.7369,-97.5204,5,3.5,mb_lg,,22,0.248,0.55,us,us10001l5w,2015-03-12T04:46:12.065Z,"19km WNW of Tonkawa, Oklahoma",earthquake
2015-03-10T04:03:04.000Z,56.411,-169.5729,20,3.4,ml,11,169.199986464001,,0.61,ak,ak11529939,2015-03-17T00:47:16.994Z,"93km SSE of City of Saint Paul, Alaska",earthquake
2015-03-10T03:29:20.800Z,19.6053,-66.0668,43,2.9,Md,11,291.6,1.20374248,0.34,pr,pr15069001,2015-03-10T11:32:03.565Z,"126km N of San Juan, Puerto Rico",earthquake
2015-03-10T01:26:36.000Z,62.1056,-147.8611,18,2.7,ml,,,,0.53,ak,ak11526000,2015-03-16T20:07:35.088Z,"62km NE of Sutton-Alpine, Alaska",earthquake
2015-03-10T01:04:47.700Z,19.3253,-65.1212,49,3,Md,3,334.8,1.02318111,0.23,pr,pr15069000,2015-03-10T09:07:16.130Z,"110km N of Charlotte Amalie, U.S. Virgin Islands",earthquake
2015-03-10T01:00:54.000Z,50.5801,-173.3886,20,3.6,ml,,,,0.79,ak,ak11525987,2015-03-17T00:48:30.754Z,"188km SSE of Atka, Alaska",earthquake
2015-03-10T00:40:09.320Z,38.8161667,-122.81,3.9,3.43,mw,84,21,0.007218,0.05,nc,nc72408335,2015-03-12T04:45:57.019Z,"6km NW of The Geysers, California",earthquake
2015-03-09T22:51:40.570Z,33.4793333,-118.2113333,0.02,2.84,ml,54,99,0.187,0.32,ci,ci37114839,2015-03-12T04:45:42.315Z,"19km NE of Avalon, California",earthquake
2015-03-09T22:28:21.000Z,35.541,-97.2425,6.048,3,ml,,132,,0.63,us,us10001l46,2015-03-18T04:40:45.069Z,"4km SE of Jones, Oklahoma",earthquake
2015-03-09T21:11:42.500Z,36.6262,-97.6635,5.307,2.6,ml,,62,,0.43,us,us10001l3t,2015-03-18T04:00:40.709Z,"21km SSE of Medford, Oklahoma",earthquake
2015-03-09T21:09:13.400Z,19.7539,-66.2928,128,3.4,Md,4,316.8,1.46515223,0.2,pr,pr15068002,2015-03-18T03:58:59.040Z,"142km N of Brenas, Puerto Rico",earthquake
2015-03-09T20:12:52.000Z,60.6202,-151.0918,62.4,2.5,ml,,,,0.75,ak,ak11525759,2015-03-17T00:48:47.807Z,"9km N of Ridgeway, Alaska",earthquake
2015-03-09T19:23:07.700Z,19.0645,-155.4413,37.6,2.5,Md,,194.4,0.08983153,0.13,hv,hv60868566,2015-03-10T03:26:10.663Z,"16km SSE of Pahala, Hawaii",earthquake
2015-03-09T16:27:07.000Z,53.8597,-163.3239,30.5,3.4,ml,22,223.199982144001,,0.61,ak,ak11525403,2015-03-17T00:47:53.997Z,"110km S of False Pass, Alaska",earthquake
2015-03-09T16:14:33.380Z,38.8815,-122.5333333,5.29,2.64,md,79,47,0.07074,0.17,nc,nc72408045,2015-03-12T04:45:03.349Z,"7km ESE of Lower Lake, California",earthquake
2015-03-09T15:51:06.400Z,35.8189,-97.4484,3.456,2.5,ml,,74,,0.43,us,usc000twtg,2015-03-09T23:53:40.852Z,"6km SSW of Guthrie, Oklahoma",earthquake
2015-03-09T15:39:40.000Z,36.6613,-97.8595,6.457,2.5,ml,,44,,0.29,us,usc000tws8,2015-03-09T23:42:38.449Z,"19km SW of Medford, Oklahoma",earthquake
2015-03-09T15:29:26.600Z,18.562,-65.7014,87,3.1,Md,16,187.2,0.3233935,0.25,pr,pr15068001,2015-03-09T23:32:20.454Z,"20km NE of Vieques, Puerto Rico",earthquake
2015-03-09T15:07:35.000Z,53.1531,-166.9134,42.4,2.5,ml,14,219.599982432001,,0.47,ak,ak11525315,2015-03-17T18:56:31.643Z,"83km SSW of Unalaska, Alaska",earthquake
2015-03-09T14:54:24.000Z,36.0852,-96.8566,5.272,2.7,ml,,51,,0.56,us,usc000twrg,2015-03-09T22:56:54.729Z,"13km NW of Cushing, Oklahoma",earthquake
2015-03-09T14:52:02.610Z,11.1017,-86.9249,48.01,4.7,mb,,172,1.145,0.93,us,usc000twrh,2015-03-09T22:54:42.004Z,"88km SSW of Masachapa, Nicaragua",earthquake
2015-03-09T13:28:11.500Z,36.6297,-97.6617,5.205,2.7,ml,,61,,0.34,us,usc000twrc,2015-03-09T20:27:45.284Z,"20km SSE of Medford, Oklahoma",earthquake
2015-03-09T13:21:11.000Z,52.047,-179.3897,220,3.8,ml,,,,0.67,ak,ak11525199,2015-03-17T00:35:44.467Z,"70km E of Semisopochnoi Island, Alaska",earthquake
2015-03-09T11:33:45.000Z,51.6515,-179.9711,72.6,2.9,ml,,,,0.69,ak,ak11530155,2015-03-17T00:37:12.243Z,"44km SE of Semisopochnoi Island, Alaska",earthquake
2015-03-09T11:27:29.420Z,31.5091667,-115.6593333,7.73,2.88,ml,5,133,0.4913,0.11,ci,ci37113911,2015-03-10T22:58:12.542Z,"89km ESE of Maneadero, B.C., Mexico",earthquake
2015-03-09T10:48:57.220Z,35.8467,-97.4448,5,3.4,mb_lg,,29,0.05,0.62,us,usc000twql,2015-03-12T04:44:49.029Z,"3km SSW of Guthrie, Oklahoma",earthquake
2015-03-09T10:25:17.870Z,36.5816,-97.632,5,2.9,mb_lg,,37,0.293,0.48,us,usc000twqf,2015-03-09T12:02:55.069Z,"26km SSE of Medford, Oklahoma",earthquake
2015-03-09T09:59:43.610Z,25.279,103.105,10,4.6,mb,,86,0.365,0.95,us,usc000twqa,2015-03-12T04:45:21.335Z,"9km SE of Songyang, China",earthquake
2015-03-09T08:23:17.000Z,59.1614,-136.2992,3.3,2.6,ml,,,,0.51,ak,ak11524913,2015-03-17T18:56:50.971Z,"49km W of Haines, Alaska",earthquake
2015-03-09T07:53:36.600Z,-34.3264,-73.5727,14.55,5.1,mb,,53,2.29,1.09,us,usc000twq0,2015-03-10T18:20:48.000Z,"153km NW of Constitucion, Chile",earthquake
2015-03-09T06:45:18.970Z,-7.3423,128.7365,110.18,5.3,mb,,23,2.618,1.26,us,usc000twpw,2015-03-09T14:47:47.922Z,"292km WNW of Saumlaki, Indonesia",earthquake
2015-03-09T05:59:44.440Z,-22.0213,-179.4549,594.7,4.7,mb,,112,4.857,0.74,us,usc000twpn,2015-03-09T14:02:11.484Z,"170km SSW of Ndoi Island, Fiji",earthquake
2015-03-09T05:48:56.500Z,19.7346,-66.0385,44,3.4,Md,9,313.2,1.41754152,0.31,pr,pr15068000,2015-03-09T13:51:31.022Z,"140km N of San Juan, Puerto Rico",earthquake
2015-03-09T05:33:44.000Z,50.6993,-173.6395,19.8,2.7,ml,,,,0.3,ak,ak11530133,2015-03-17T18:56:14.405Z,"171km SSE of Atka, Alaska",earthquake
2015-03-09T04:55:29.070Z,-55.7797,-26.9388,38.01,4.6,mb,,71,5.693,0.72,us,us10001n24,2015-03-18T03:49:45.928Z,"103km N of Visokoi Island, South Georgia and the South Sandwich Islands",earthquake
2015-03-09T04:34:27.030Z,55.3946,-162.2497,163.74,2.8,ml,,159,0.149,0.73,us,us10001mxz,2015-03-18T03:41:26.083Z,"37km NE of Cold Bay, Alaska",earthquake
2015-03-09T04:01:23.000Z,35.8144,-97.4511,5,3.2,ml,,69,,0.83,us,usc000twpe,2015-03-18T04:40:05.608Z,"7km SSW of Guthrie, Oklahoma",earthquake
2015-03-09T03:24:40.400Z,35.815,-97.4481,4.525,4,mb,,69,,1.52,us,usc000twp6,2015-03-18T04:41:43.435Z,"7km SSW of Guthrie, Oklahoma",earthquake
2015-03-09T03:22:20.580Z,-19.7273,-69.5511,98.08,4.7,mb,,63,0.554,1.39,us,usc000twp5,2015-03-18T04:23:02.191Z,"82km NE of Iquique, Chile",earthquake
2015-03-09T02:58:48.260Z,38.909,142.027,56.69,4.5,mb,,153,1.422,0.77,us,usc000twp3,2015-03-18T03:29:47.797Z,"32km SE of Ofunato, Japan",earthquake
2015-03-09T02:48:45.550Z,6.5235,-82.6483,11,5.8,mww,,61,2.327,1.23,us,usc000twp2,2015-03-18T01:26:24.264Z,"168km S of Punta de Burica, Panama",earthquake
2015-03-09T02:23:03.850Z,-12.7641,-73.8148,66.05,4.5,mb,,121,3.056,0.91,us,usc000twr3,2015-03-18T01:03:07.734Z,"16km SE of Ayna, Peru",earthquake
2015-03-09T01:52:27.570Z,35.117,141.578,30.23,4.6,mb,,114,1.584,1.28,us,usc000twp0,2015-03-18T00:58:01.748Z,"96km SE of Hasaki, Japan",earthquake
2015-03-09T01:05:19.250Z,33.9293333,-116.0276667,5.14,2.86,ml,61,47,0.07519,0.19,ci,ci37113543,2015-03-12T04:44:01.109Z,"24km S of Twentynine Palms, California",earthquake
2015-03-08T23:45:08.400Z,19.7035,-66.0599,45,3.4,Md,9,309.6,1.29806559,0.17,pr,pr15067011,2015-03-09T07:47:47.553Z,"137km N of San Juan, Puerto Rico",earthquake
2015-03-08T22:14:48.330Z,36.2712,-97.3016,7.05,3.2,mb_lg,,57,0.489,0.25,us,usc000twmi,2015-03-12T04:43:28.590Z,"2km SSW of Perry, Oklahoma",earthquake
2015-03-08T22:08:14.000Z,64.0663,-165.2734,25.4,3.7,ml,,,,0.87,ak,ak11524603,2015-03-14T01:55:35.315Z,"48km S of Nome, Alaska",earthquake
2015-03-08T20:47:27.130Z,44.1362,19.9367,6.2,3.9,mb,,20,0.054,0.82,us,usc000twlg,2015-03-12T04:43:45.966Z,"15km S of Valjevo, Serbia",earthquake
2015-03-08T20:42:15.890Z,49.0477,-128.7386,19.65,4.8,mb,,168,3.166,1.03,us,usc000twl9,2015-03-09T05:14:27.672Z,"206km SSW of Port Hardy, Canada",earthquake
2015-03-08T20:23:48.000Z,64.06,-165.2649,19.3,4.3,ml,,,,0.91,ak,ak11524539,2015-03-14T01:55:18.907Z,"66km SSW of Nome, Alaska",earthquake
2015-03-08T19:43:05.000Z,63.4751,-148.9217,8.5,4,ml,,,,0.84,ak,ak11524485,2015-03-14T01:52:21.504Z,"14km N of Cantwell, Alaska",earthquake
2015-03-08T18:26:17.100Z,19.1028,-155.4332,48,2.7,Md,,183.6,0.06288207,0.07,hv,hv60868141,2015-03-09T02:28:49.217Z,"12km SSE of Pahala, Hawaii",earthquake
2015-03-08T18:11:34.400Z,19.101,-155.3918,36.9,2.5,Md,,255.6,0.08983153,0.16,hv,hv60868121,2015-03-09T02:14:08.645Z,"14km SE of Pahala, Hawaii",earthquake
2015-03-08T17:35:01.070Z,36.6696667,-84.1178333,8.56,2.82,md,25,53,0.2634,0.37,se,se60093641,2015-03-12T04:43:14.446Z,"8km SSE of Williamsburg, Kentucky",earthquake
2015-03-08T17:25:00.000Z,51.806,-174.2942,24,2.5,ml,,,,0.38,ak,ak11524436,2015-03-14T00:22:29.812Z,"43km S of Atka, Alaska",earthquake
2015-03-08T16:48:08.400Z,35.6348,-97.274,5.823,3.6,ml,,57,,0.54,us,usc000twjy,2015-03-12T04:42:59.697Z,"7km N of Jones, Oklahoma",earthquake
2015-03-08T16:40:36.430Z,35.3128,27.4483,29.4,4.1,mb,,140,0.331,0.79,us,usc000twjx,2015-03-09T00:43:04.194Z,"30km SE of Karpathos, Greece",earthquake
2015-03-08T16:25:49.000Z,19.6439,-65.9962,37,3,Md,10,306,1.26482792,0.21,pr,pr15067009,2015-03-09T00:28:46.583Z,"130km N of San Juan, Puerto Rico",earthquake
2015-03-08T15:52:23.400Z,-19.9966,-177.8967,564.22,5.2,mb,,25,4.441,0.79,us,usc000twju,2015-03-08T23:55:00.543Z,"110km NE of Ndoi Island, Fiji",earthquake
2015-03-08T15:26:29.300Z,0.4198,122.6194,110.74,4.9,mb,,43,1.459,0.87,us,usc000twjr,2015-03-08T23:29:07.142Z,"24km SSE of Molobulahe, Indonesia",earthquake
2015-03-08T15:20:41.000Z,18.7355,-68.266,173,3.4,Md,3,345.6,1.12738568,0.25,pr,pr15067008,2015-03-08T23:23:10.485Z,"22km NE of Punta Cana, Dominican Republic",earthquake
2015-03-08T14:04:19.000Z,50.5723,-173.4287,20,2.9,ml,,,,0.48,ak,ak11528340,2015-03-14T01:56:59.891Z,"188km SSE of Atka, Alaska",earthquake
2015-03-08T13:54:56.200Z,18.573,-66.1224,72,2.5,Md,6,234,0.39076715,0.18,pr,pr15067007,2015-03-08T21:57:30.607Z,"11km N of San Juan, Puerto Rico",earthquake
2015-03-08T13:51:33.800Z,36.6304,-97.6542,5.401,3,ml,,61,,0.32,us,usc000twjm,2015-03-09T20:52:34.105Z,"20km SSE of Medford, Oklahoma",earthquake
2015-03-08T13:46:11.000Z,36.6352,-97.6489,2.567,2.8,ml,,60,,0.45,us,usc000twjk,2015-03-09T20:50:46.247Z,"20km SSE of Medford, Oklahoma",earthquake
2015-03-08T13:22:34.799Z,41.8556,-119.6505,6.862,2.95,ml,5,122.48,0.146,0.1444,nn,nn00486252,2015-03-09T20:48:18.040Z,"68km ESE of Lakeview, Oregon",earthquake
2015-03-08T13:12:18.000Z,61.42,-146.712,30.2,3.6,ml,,,,0.59,ak,ak11524305,2015-03-14T01:55:52.186Z,"37km NNW of Valdez, Alaska",earthquake
2015-03-08T13:11:57.720Z,2.0132,127.0913,50.93,4.6,mb,,112,1.263,0.81,us,usc000twjg,2015-03-08T21:14:30.711Z,"106km WNW of Tobelo, Indonesia",earthquake
2015-03-08T13:00:11.000Z,51.7597,178.3334,131.7,2.5,ml,,,,0.18,ak,ak11528335,2015-03-14T01:57:16.483Z,"24km SSW of Little Sitkin Island, Alaska",earthquake
2015-03-08T12:37:31.350Z,40.5181667,-125.0108333,1.23,2.67,md,43,289,0.5883,0.24,nc,nc72407440,2015-03-13T02:49:05.399Z,"63km W of Ferndale, California",earthquake
2015-03-08T11:03:07.200Z,19.653,-66.0108,77,3.7,Md,15,288,1.26752287,0.52,pr,pr15067006,2015-03-08T19:05:42.268Z,"131km N of San Juan, Puerto Rico",earthquake
2015-03-08T10:35:26.990Z,39.8756,143.4426,29.77,4.7,mb,,135,2.148,0.74,us,usc000twit,2015-03-08T18:38:05.068Z,"130km ENE of Miyako, Japan",earthquake
2015-03-08T09:56:11.870Z,36.6119,-97.643,5,2.7,mb_lg,,48,0.294,0.53,us,usc000twin,2015-03-08T17:58:39.815Z,"23km SSE of Medford, Oklahoma",earthquake
2015-03-08T09:15:15.000Z,61.8607,-150.2692,5,2.6,ml,,,,0.64,ak,ak11524258,2015-03-14T00:19:13.317Z,"17km NW of Willow, Alaska",earthquake
2015-03-08T08:27:47.000Z,50.5234,-173.3824,20,2.9,ml,,,,0.68,ak,ak11524230,2015-03-14T01:56:43.335Z,"194km SSE of Atka, Alaska",earthquake
2015-03-08T07:52:02.020Z,-4.1435,-83.1451,10,4.5,mb,,152,6.398,0.48,us,usc000twig,2015-03-08T15:54:45.057Z,"213km WNW of Talara, Peru",earthquake
2015-03-08T06:33:09.000Z,50.5298,-173.3646,20,3.3,ml,,,,0.57,ak,ak11528313,2015-03-14T01:56:26.629Z,"194km SSE of Atka, Alaska",earthquake
2015-03-08T06:30:00.360Z,11.8524,143.6917,26.9,4.9,mb,,93,2.073,0.66,us,usc000twic,2015-03-08T14:32:38.773Z,"189km SW of Merizo Village, Guam",earthquake
2015-03-08T06:15:41.180Z,36.0223,-97.0724,4.32,2.5,mb_lg,,64,0.201,0.39,us,usc000twn5,2015-03-08T23:26:51.607Z,"6km NNW of Perkins, Oklahoma",earthquake
2015-03-08T05:48:07.200Z,19.59,-66.2642,139,3.5,Md,7,298.8,1.32052347,0.2,pr,pr15067005,2015-03-08T13:50:38.312Z,"124km N of Brenas, Puerto Rico",earthquake
2015-03-08T05:45:15.760Z,22.5745,95.8506,10,4.4,mb,,77,3.797,0.71,us,usc000twi8,2015-03-08T13:47:47.654Z,"15km E of Shwebo, Burma",earthquake
2015-03-08T05:12:18.140Z,36.6011,-97.7015,3.26,2.6,mb_lg,,44,0.246,0.24,us,usc000twi4,2015-03-08T23:38:29.190Z,"23km S of Medford, Oklahoma",earthquake
2015-03-08T04:41:49.000Z,50.7236,-173.3188,20,3.4,ml,,,,0.65,ak,ak11528309,2015-03-14T01:56:09.949Z,"174km SSE of Atka, Alaska",earthquake
2015-03-08T04:01:35.000Z,63.4649,-151.744,9.9,2.5,ml,,,,0.84,ak,ak11524146,2015-03-14T00:19:29.690Z,"139km W of Cantwell, Alaska",earthquake
2015-03-08T03:58:13.200Z,19.8866,-66.0292,60,3.6,Md,12,302.4,1.47862696,0.27,pr,pr15067002,2015-03-08T12:00:52.528Z,"157km N of San Juan, Puerto Rico",earthquake
2015-03-08T03:42:52.800Z,19.0995,-66.5625,36,2.6,Md,4,298.8,0.61983755,0.15,pr,pr15067003,2015-03-08T11:45:28.494Z,"71km NNE of Arecibo, Puerto Rico",earthquake
2015-03-08T03:37:45.900Z,19.5583,-66.0252,59,3.6,Md,11,291.6,1.17499639,0.47,pr,pr15067001,2015-03-08T11:40:21.320Z,"121km N of San Juan, Puerto Rico",earthquake
2015-03-08T02:54:56.900Z,19.624,-66.0241,91,3.7,Md,14,288,1.23608183,0.5,pr,pr15067000,2015-03-08T10:57:36.837Z,"128km N of San Juan, Puerto Rico",earthquake
2015-03-08T02:24:10.000Z,60.7233,-151.591,73.6,3.6,ml,,,,0.65,ak,ak11524120,2015-03-14T01:52:37.866Z,"16km WNW of Nikiski, Alaska",earthquake
2015-03-08T01:24:57.130Z,-3.6243,131.1765,35,4.7,mb,,75,1.279,0.75,us,usc000twh9,2015-03-08T09:27:37.063Z,"253km E of Amahai, Indonesia",earthquake
2015-03-07T23:45:28.330Z,-24.3364,-67.2666,186.13,4.2,mb,,84,2.267,0.92,us,usc000twgv,2015-03-08T07:48:11.973Z,"97km W of San Antonio de los Cobres, Argentina",earthquake
2015-03-07T23:16:45.210Z,40.6021,142.5544,55.85,4.3,mb,,138,1.482,1.03,us,usc000twgj,2015-03-08T07:19:28.726Z,"90km E of Hachinohe, Japan",earthquake
2015-03-07T22:53:07.250Z,12.9594,124.0006,62.93,4.7,mb,,87,5.705,0.72,us,usc000twge,2015-03-12T04:42:23.082Z,"1km SSE of Sorsogon, Philippines",earthquake
2015-03-07T22:46:50.680Z,36.6002,-97.6702,2.53,3.4,mb_lg,,46,0.269,0.35,us,usc000twg8,2015-03-08T05:39:55.082Z,"23km SSE of Medford, Oklahoma",earthquake
2015-03-07T22:35:58.700Z,19.5305,-65.999,80,3.2,Md,9,291.6,1.37711733,0.28,pr,pr15066010,2015-03-08T06:38:31.127Z,"118km N of San Juan, Puerto Rico",earthquake
2015-03-07T22:19:05.780Z,1.9717,126.9091,49.87,4.6,mb,,127,1.276,0.72,us,usc000twg1,2015-03-08T06:21:36.396Z,"125km WNW of Tobelo, Indonesia",earthquake
2015-03-07T22:18:57.690Z,-6.5368,151.7349,22,5.5,mwb,,16,2.369,0.81,us,usc000twg0,2015-03-09T01:56:29.000Z,"207km ESE of Kimbe, Papua New Guinea",earthquake
2015-03-07T22:09:04.000Z,50.55,-173.4068,38.6,2.8,ml,,,,0.55,ak,ak11527378,2015-03-12T20:49:29.339Z,"191km SSE of Atka, Alaska",earthquake
2015-03-07T21:49:44.560Z,-5.8123,110.8695,551.97,4.5,mb,,30,1.3,0.68,us,usc000twfu,2015-03-08T05:52:11.939Z,"70km NNW of Krajan Tegalombo, Indonesia",earthquake
2015-03-07T21:49:40.000Z,50.5293,-173.3233,32.6,3.1,ml,,,,0.52,ak,ak11524009,2015-03-12T20:50:21.542Z,"195km SSE of Atka, Alaska",earthquake
2015-03-07T21:25:18.700Z,19.7205,-66.1946,68,3.2,Md,5,302.4,1.46515223,0.18,pr,pr15066008,2015-03-08T05:27:45.287Z,"139km N of San Juan, Puerto Rico",earthquake
2015-03-07T21:11:47.280Z,36.5853,-97.6262,3.26,3.7,mwr,,32,0.298,0.48,us,usc000twf8,2015-03-12T04:42:04.841Z,"26km SSE of Medford, Oklahoma",earthquake
2015-03-07T21:02:13.300Z,19.554,-65.9988,105,3.1,Md,7,302.4,1.2809976,0.23,pr,pr15066009,2015-03-08T05:04:39.985Z,"120km N of San Juan, Puerto Rico",earthquake
2015-03-07T20:53:18.800Z,19.621,-66.0607,47,3.8,Md,17,266.4,1.21991216,0.46,pr,pr15066006,2015-03-08T04:55:45.889Z,"100km N of San Juan, Puerto Rico",earthquake
2015-03-07T20:51:42.400Z,-24.5491,179.233,521.02,5.1,mb,,44,5.319,1.22,us,usc000twev,2015-03-08T04:54:24.695Z,"South of the Fiji Islands",earthquake
2015-03-07T20:44:05.200Z,36.5698,-97.6115,7.3,3,mb_lg,,30,0.306,0.82,us,usc000twem,2015-03-07T21:51:39.662Z,"28km SSE of Medford, Oklahoma",earthquake
2015-03-07T20:11:55.000Z,60.2156,-151.5551,60.4,2.7,ml,,,,0.69,ak,ak11523974,2015-03-12T00:12:27.593Z,"21km SW of Cohoe, Alaska",earthquake
2015-03-07T19:49:53.000Z,52.4558,-173.8978,179.6,3.5,ml,,,,0.57,ak,ak11523967,2015-03-12T00:09:23.535Z,"35km NE of Atka, Alaska",earthquake
2015-03-07T19:46:23.900Z,18.9083,-67.4332,14,2.7,Md,4,331.2,0.53449759,0.03,pr,pr15066007,2015-03-08T03:48:53.349Z,"58km NW of San Antonio, Puerto Rico",earthquake
2015-03-07T19:44:52.310Z,48.3512,154.7937,35,4.7,mb,,135,5.107,0.53,us,usc000twe5,2015-03-08T03:47:34.253Z,"276km SSW of Severo-Kuril'sk, Russia",earthquake
2015-03-07T18:34:16.000Z,52.6642,-163.559,25.1,2.6,ml,,,,0.35,ak,ak11527361,2015-03-12T00:12:45.892Z,"220km SE of Akutan, Alaska",earthquake
2015-03-07T16:41:10.000Z,57.9954,-153.6645,58.7,3,ml,,,,0.7,ak,ak11523906,2015-03-12T00:12:09.399Z,"54km NNE of Larsen Bay, Alaska",earthquake
2015-03-07T16:39:02.790Z,5.4347,125.911,127.68,4.7,mb,,110,4.854,1.04,us,usc000twdr,2015-03-08T00:41:42.244Z,"49km E of Sarangani, Philippines",earthquake
2015-03-07T16:37:10.320Z,40.3828333,-125.2288333,9.8,2.59,md,25,309,0.7244,0.17,nc,nc72406990,2015-03-12T23:15:10.358Z,"84km WSW of Ferndale, California",earthquake
2015-03-07T16:02:17.180Z,-56.0769,-27.2149,85.89,4.6,mb,,68,5.609,0.55,us,usc000twdm,2015-03-08T00:04:53.891Z,"69km N of Visokoi Island, South Georgia and the South Sandwich Islands",earthquake
2015-03-07T15:54:07.000Z,18.6704,-67.152,63,3,Md,12,291.6,0.20481588,0.14,pr,pr15066005,2015-03-07T23:56:51.319Z,"20km NNW of San Antonio, Puerto Rico",earthquake
2015-03-07T14:54:43.630Z,-8.6764,-74.8085,125.33,4.7,mb,,103,3.85,1.33,us,usc000twdh,2015-03-07T22:57:17.086Z,"22km S of Campoverde, Peru",earthquake
2015-03-07T14:44:25.000Z,50.6348,-173.3995,14.7,2.8,ml,,,,0.82,ak,ak11527339,2015-03-12T00:10:17.237Z,"182km SSE of Atka, Alaska",earthquake
2015-03-07T13:18:24.150Z,50.5374,-173.3253,10,5.7,mwp,,63,1.754,0.92,us,usc000twdd,2015-03-12T20:48:23.044Z,"194km SSE of Atka, Alaska",earthquake
2015-03-07T12:15:56.000Z,52.6746,-169.3576,19.4,2.7,ml,,,,0.31,ak,ak11523820,2015-03-12T20:49:46.400Z,"44km SW of Nikolski, Alaska",earthquake
2015-03-07T12:15:18.390Z,35.6482,-97.2429,5,3,mb_lg,,56,0.094,0.36,us,usc000twd9,2015-03-12T04:41:15.734Z,"4km WSW of Luther, Oklahoma",earthquake
2015-03-07T11:31:46.900Z,11.4334,-87.9715,10,4.4,mb,,189,1.548,1.29,us,usc000twd6,2015-03-07T19:34:27.861Z,"144km SW of Corinto, Nicaragua",earthquake
2015-03-07T10:05:20.730Z,35.7821,-97.4865,10.53,2.5,mb_lg,,71,0.029,0.32,us,usc000twmf,2015-03-09T03:39:23.972Z,"12km SSW of Guthrie, Oklahoma",earthquake
2015-03-07T08:59:36.550Z,37.1819,-104.9648,3.43,3.6,ml,,34,0.444,1.57,us,usc000twcv,2015-03-07T17:02:33.062Z,"40km E of San Luis, Colorado",earthquake
2015-03-07T07:50:03.750Z,35.6412,-97.2529,5,2.7,mb_lg,,74,0.085,0.41,us,usc000twcn,2015-03-07T18:44:46.455Z,"5km WSW of Luther, Oklahoma",earthquake
2015-03-07T06:51:07.300Z,18.7893,-64.3158,53,2.7,Md,7,316.8,0.46712395,0.18,pr,pr15066004,2015-03-07T14:53:42.723Z,"52km NE of Road Town, British Virgin Islands",earthquake
2015-03-07T05:44:45.000Z,54.5492,-161.1004,7.2,2.7,ml,,,,0.62,ak,ak11523764,2015-03-12T00:08:45.347Z,"95km SSW of Sand Point, Alaska",earthquake
2015-03-07T05:43:19.000Z,54.5239,-161.0833,5.6,3.1,ml,,,,0.53,ak,ak11523763,2015-03-12T00:09:59.528Z,"97km SSW of Sand Point, Alaska",earthquake
2015-03-07T05:13:34.000Z,63.2965,-146.5075,0.2,2.5,ml,,,,0.47,ak,ak11523753,2015-03-12T00:09:03.386Z,"90km SW of Deltana, Alaska",earthquake
2015-03-07T04:12:14.700Z,19.2651,-65.0556,90,3.4,Md,5,320.4,0.9755704,0.07,pr,pr15066003,2015-03-07T12:14:52.170Z,"103km N of Charlotte Amalie, U.S. Virgin Islands",earthquake
2015-03-07T04:01:12.530Z,36.6082,-97.6563,5,2.8,mb_lg,,47,0.282,0.39,us,usc000twc0,2015-03-07T12:04:08.187Z,"23km SSE of Medford, Oklahoma",earthquake
2015-03-07T03:45:48.800Z,19.3696,-65.2605,56,3.2,Md,3,331.2,1.05552046,0.28,pr,pr15066002,2015-03-07T11:48:28.627Z,"118km NNW of Charlotte Amalie, U.S. Virgin Islands",earthquake
2015-03-07T03:42:54.600Z,19.3815,-65.1744,54,3.2,Md,8,309.6,1.07258845,0.28,pr,pr15066001,2015-03-07T11:45:20.229Z,"117km NNW of Charlotte Amalie, U.S. Virgin Islands",earthquake
2015-03-07T03:41:22.600Z,19.621,-65.3525,74,3.3,Md,4,334.8,1.30794705,0.28,pr,pr15066000,2015-03-07T11:44:00.791Z,"141km NNE of Vieques, Puerto Rico",earthquake
2015-03-07T03:30:54.000Z,51.5067,-178.7134,64.5,2.5,ml,,,,0.56,ak,ak11523740,2015-03-12T00:11:11.305Z,"38km NE of Amatignak Island, Alaska",earthquake
2015-03-07T02:59:53.000Z,54.3387,-161.2891,6.2,3.1,ml,,,,0.73,ak,ak11523736,2015-03-12T00:11:33.769Z,"122km SSW of Sand Point, Alaska",earthquake
2015-03-07T01:47:25.440Z,-38.8031,175.05,254.28,4.2,mb,,57,0.327,0.63,us,usc000twbg,2015-03-07T09:50:06.307Z,"70km E of Waitara, New Zealand",earthquake
2015-03-07T01:25:47.000Z,54.1797,-162.6025,28,2.6,ml,,,,0.37,ak,ak11523730,2015-03-12T00:10:53.231Z,"91km SE of False Pass, Alaska",earthquake
2015-03-07T00:58:34.380Z,-3.0004,129.2789,36.31,4.7,mb,,43,2.967,0.63,us,usc000twb8,2015-03-07T09:01:06.434Z,"54km NE of Amahai, Indonesia",earthquake
2015-03-06T23:27:28.000Z,59.1481,-152.8249,70,2.7,ml,,,,0.51,ak,ak11523658,2015-03-10T03:43:59.537Z,"89km SW of Anchor Point, Alaska",earthquake
2015-03-06T23:03:51.300Z,44.4346,-114.1186,10.6,2.8,mc,33,53.9999956800003,0.1706799,0.22,mb,mb15002649,2015-03-09T21:08:51.670Z,"11km SE of Challis, Idaho",earthquake
2015-03-06T22:53:00.760Z,14.524,-93.3415,60.01,4.3,mb,,142,1.594,0.66,us,usc000twai,2015-03-07T06:55:30.951Z,"101km WSW of Puerto Madero, Mexico",earthquake
2015-03-06T21:17:03.000Z,59.5891,-152.7743,101.9,2.6,ml,,,,0.67,ak,ak11523585,2015-03-10T03:44:16.836Z,"57km WSW of Anchor Point, Alaska",earthquake
2015-03-06T20:37:29.000Z,58.8451,-154.3391,124.2,2.5,ml,,,,0.58,ak,ak11523577,2015-03-10T14:02:14.040Z,"106km SSE of Old Iliamna, Alaska",earthquake
2015-03-06T19:14:52.100Z,36.0802,-97.3762,5.601,2.6,ml,,77,,0.69,us,usc000tw8q,2015-03-07T16:02:27.271Z,"18km NW of Langston, Oklahoma",earthquake
2015-03-06T18:13:45.840Z,-7.1101,105.2819,51.59,4.5,mb,,126,2.551,1.46,us,usc000tvms,2015-03-07T15:31:35.142Z,"50km SW of Tugu Hilir, Indonesia",earthquake
2015-03-06T18:09:51.680Z,-8.521,-75.6034,42,4.8,mb,,100,3.654,0.74,us,usc000tvmm,2015-03-07T15:26:56.388Z,"87km W of Campoverde, Peru",earthquake
2015-03-06T16:18:31.740Z,15.9995,146.1102,93.96,4.5,mb,,78,0.512,0.79,us,usc000tvk1,2015-03-07T00:20:57.547Z,"61km SE of Anatahan, Northern Mariana Islands",earthquake
2015-03-06T15:51:14.890Z,34.0255,-116.8611667,22.4,2.76,ml,96,25,0.04537,0.16,ci,ci37111319,2015-03-12T04:41:01.346Z,"11km N of Banning, California",earthquake
2015-03-06T12:06:56.010Z,41.882,-119.6232,8.9104,2.54,ml,5,219.92,0.146,0.1728,nn,nn00485993,2015-03-06T20:09:27.765Z,"69km ESE of Lakeview, Oregon",earthquake
2015-03-06T11:55:21.100Z,19.1355,-65.247,34,2.8,Md,3,327.6,0.8228568,0.14,pr,pr15065004,2015-03-06T19:57:49.586Z,"92km N of Culebra, Puerto Rico",earthquake
2015-03-06T11:53:40.000Z,51.1178,-176.3573,25.3,2.5,ml,,,,0.4,ak,ak11526056,2015-03-10T03:46:06.113Z,"87km SSE of Adak, Alaska",earthquake
2015-03-06T11:33:56.000Z,51.468,-177.7067,40,3.1,ml,,,,0.35,ak,ak11523398,2015-03-10T03:45:30.512Z,"55km SSE of Tanaga Volcano, Alaska",earthquake
2015-03-06T11:14:34.000Z,51.4369,-177.7029,24.1,3,ml,,,,0.55,ak,ak11523396,2015-03-10T03:45:48.361Z,"58km SSE of Tanaga Volcano, Alaska",earthquake
2015-03-06T10:55:34.000Z,19.093,-65.4681,25,2.7,Md,5,288,0.7995006,0.05,pr,pr15065003,2015-03-06T18:58:12.553Z,"83km NNE of Vieques, Puerto Rico",earthquake
2015-03-06T10:53:22.500Z,19.0713,-65.5586,30,2.9,Md,4,313.2,0.80309386,0.25,pr,pr15065002,2015-03-06T18:56:16.874Z,"77km NNE of Vieques, Puerto Rico",earthquake
2015-03-06T10:39:52.430Z,-44.0265,-78.2473,10,5,mb,,141,3.453,1.13,us,usc000tvi4,2015-03-06T18:34:24.111Z,"Off the coast of Aisen, Chile",earthquake
2015-03-06T10:22:32.900Z,19.6787,-155.98,13.5,3.7,Ml,,147.6,0.04491576,0.15,hv,hv60866736,2015-03-14T23:45:33.470Z,"4km NNE of Kailua-Kona, Hawaii",earthquake
2015-03-06T08:59:16.000Z,36.6125,-97.6717,4.9,3.1,mb_lg,,50,0.273,0.44,us,usc000tvhh,2015-03-06T17:04:41.874Z,"22km SSE of Medford, Oklahoma",earthquake
2015-03-06T08:54:40.200Z,20.0175,-155.8983,27.8,3.1,Ml,,223.2,0.1527136,0.1,hv,hv60866726,2015-03-12T04:40:29.896Z,"11km NW of Waikoloa Village, Hawaii",earthquake
2015-03-06T08:48:43.000Z,59.0096,-136.9034,11,3.7,ml,,,,0.8,ak,ak11523317,2015-03-11T19:53:24.171Z,"87km WSW of Haines, Alaska",earthquake
2015-03-06T08:22:18.590Z,-41.3545,80.5175,10,5.6,mb,,37,4.22,0.92,us,usc000tvgw,2015-03-10T21:48:26.000Z,"Mid-Indian Ridge",earthquake
2015-03-06T07:11:15.000Z,62.6061,-152.0699,1.3,2.9,ml,,,,0.73,ak,ak11523278,2015-03-10T03:43:40.196Z,"105km WNW of Talkeetna, Alaska",earthquake
2015-03-06T06:41:18.880Z,4.0424,126.3983,119.41,4.8,mb,,85,3.389,0.64,us,usc000tvge,2015-03-06T14:43:57.504Z,"182km SE of Sarangani, Philippines",earthquake
2015-03-06T06:20:39.000Z,51.6094,-175.2714,32,3.5,ml,,,,0.64,ak,ak11523257,2015-03-10T03:43:03.229Z,"98km SW of Atka, Alaska",earthquake
2015-03-06T05:27:49.000Z,52.4616,-173.334,170.1,3.5,ml,,,,0.43,ak,ak11523241,2015-03-10T03:43:22.090Z,"66km ENE of Atka, Alaska",earthquake
2015-03-06T04:01:49.680Z,34.9917,-2.7953,5,4.3,mb,,76,2.967,0.67,us,usc000tvft,2015-03-06T12:04:51.043Z,"7km NW of Zaio, Morocco",earthquake
2015-03-06T03:22:03.300Z,18.8586,-65.8065,15,3.1,Md,11,216,0.58480325,0.18,pr,pr15065001,2015-03-06T11:24:37.775Z,"47km N of Loiza, Puerto Rico",earthquake
2015-03-06T02:32:06.000Z,58.1762,-152.646,65,2.8,ml,,,,0.79,ak,ak11523204,2015-03-10T03:42:02.047Z,"45km NNW of Kodiak, Alaska",earthquake
2015-03-06T00:37:49.340Z,14.1738,-93.355,45.45,4.3,mb,,148,1.646,0.64,us,usc000tvem,2015-03-06T08:40:27.498Z,"117km WSW of Puerto Madero, Mexico",earthquake
2015-03-06T00:07:46.110Z,51.1729,-175.9957,4.48,4.4,mb,,225,0.922,1.07,us,usc000tvea,2015-03-11T19:52:52.427Z,"91km SSE of Adak, Alaska",earthquake
2015-03-05T23:59:36.080Z,25.313,124.9829,20.22,4.7,mb,,68,1.978,0.83,us,usc000tvek,2015-03-06T05:45:32.951Z,"64km NNW of Hirara, Japan",earthquake
2015-03-05T23:06:00.510Z,42.2726,142.6024,59.28,4.8,mb,,37,0.486,0.81,us,usc000tve1,2015-03-05T23:34:32.223Z,"20km ESE of Shizunai, Japan",earthquake
2015-03-05T22:54:48.670Z,28.0097,56.7845,10,5.2,mb,,73,3.095,0.88,us,usc000tvdv,2015-03-06T06:57:30.914Z,"99km NNW of Minab, Iran",earthquake
2015-03-05T21:30:33.470Z,-29.1977,-71.4246,39.63,5.3,mwr,,129,0.66,1.11,us,usc000tvct,2015-03-12T04:39:55.151Z,"80km NNW of La Serena, Chile",earthquake
2015-03-05T21:03:11.000Z,61.6929,-151.5796,95.7,3.2,ml,,,,0.57,ak,ak11522996,2015-03-13T21:17:41.126Z,"81km W of Willow, Alaska",earthquake
2015-03-05T21:02:08.450Z,32.7501,141.7634,25.54,4.5,mb,,128,1.679,0.5,us,usc000tvcj,2015-03-06T05:04:36.995Z,"187km E of Hachijo-jima, Japan",earthquake
2015-03-05T20:59:41.350Z,36.7917,-98.2629,9.39,3.3,mb_lg,,112,0.291,0.3,us,usc000tvcb,2015-03-05T21:46:07.616Z,"9km ENE of Cherokee, Oklahoma",earthquake
2015-03-05T20:33:09.000Z,36.8123,-98.2732,5.449,3.2,ml,,114,,0.48,us,usc000tvc3,2015-03-06T04:35:43.443Z,"9km NE of Cherokee, Oklahoma",earthquake
2015-03-05T19:49:05.400Z,36.6269,-97.6626,5.289,2.9,ml,,66,,0.35,us,usc000tvbm,2015-03-06T03:51:46.478Z,"20km SSE of Medford, Oklahoma",earthquake
2015-03-05T19:45:10.000Z,18.6865,-64.5761,26,3.2,Md,6,291.6,0.27129122,0.21,pr,pr15064002,2015-03-06T03:47:43.857Z,"30km N of Road Town, British Virgin Islands",earthquake
2015-03-05T19:31:15.240Z,27.5822,56.0236,31.39,4.1,mb,,136,2.631,1.15,us,usc000tvbi,2015-03-06T03:33:54.761Z,"50km NNW of Bandar 'Abbas, Iran",earthquake
2015-03-05T19:07:01.000Z,50.9722,-176.8019,40.1,2.5,ml,,,,0.41,ak,ak11522974,2015-03-14T01:57:58.178Z,"101km S of Adak, Alaska",earthquake
2015-03-05T18:40:48.640Z,12.112,-87.7522,49.58,4.4,mb,,185,0.879,1.26,us,usc000tvb4,2015-03-06T02:43:16.591Z,"75km WSW of Corinto, Nicaragua",earthquake
2015-03-05T18:35:47.110Z,-9.4426,-110.2233,10,4.7,mb,,204,40.424,0.79,us,usc000tvb1,2015-03-06T02:38:13.748Z,"Central East Pacific Rise",earthquake
2015-03-05T17:55:28.160Z,32.6807,138.9279,217.84,4.6,mb,,91,0.862,0.93,us,usc000tvap,2015-03-06T01:57:55.455Z,"93km WSW of Hachijo-jima, Japan",earthquake
2015-03-05T17:36:35.190Z,6.0944,119.9502,15.57,4.7,mb,,96,1.708,0.4,us,usc000tvan,2015-03-06T01:39:19.367Z,"69km WSW of Pandan Niog, Philippines",earthquake
2015-03-05T16:56:10.260Z,40.4183333,-125.3066667,23.2,2.78,md,27,277,0.7418,0.26,nc,nc72405835,2015-03-12T05:26:05.439Z,"90km W of Ferndale, California",earthquake
2015-03-05T16:36:03.560Z,-17.8449,-178.2585,621.61,4.5,mb,,121,3.515,0.99,us,usc000tv8z,2015-03-06T18:13:02.725Z,"296km ESE of Lambasa, Fiji",earthquake
2015-03-05T16:19:09.760Z,37.2823,-98.0098,7.08,2.6,mb_lg,,44,0.017,0.66,us,usc000tv8u,2015-03-06T17:36:45.040Z,"1km ESE of Harper, Kansas",earthquake
2015-03-05T16:04:59.980Z,-37.2204,-74.1326,9.31,4.2,mwr,,132,0.962,1.03,us,usc000tv8t,2015-03-06T16:47:41.784Z,"61km NW of Lebu, Chile",earthquake
2015-03-05T15:43:05.390Z,-3.4158,134.5662,31.68,4.9,mb,,84,2.365,0.75,us,usc000tv8p,2015-03-06T15:12:27.346Z,"102km W of Nabire, Indonesia",earthquake
2015-03-05T14:49:01.550Z,36.9568,-104.9113,3.37,3.4,mb_lg,,64,0.917,1.43,us,usc000tv8e,2015-03-05T22:58:01.647Z,"42km W of Raton, New Mexico",earthquake
2015-03-05T14:32:20.240Z,-7.3408,125.9146,24.27,4.5,mb,,57,2.899,0.88,us,usc000tv8b,2015-03-05T23:02:37.711Z,"139km NNE of Dili, East Timor",earthquake
2015-03-05T14:26:22.000Z,59.8977,-152.7406,99.4,2.9,ml,,,,0.56,ak,ak11522773,2015-03-13T21:16:54.835Z,"52km WNW of Anchor Point, Alaska",earthquake
2015-03-05T11:20:07.940Z,34.6149,137.0052,335.25,4.3,mb,,53,0.733,1.05,us,usc000tv65,2015-03-05T19:22:36.285Z,"11km SE of Toyohama, Japan",earthquake
2015-03-05T09:52:16.000Z,54.7861,-160.5298,22.1,3,ml,,,,0.65,ak,ak11522680,2015-03-13T21:17:58.486Z,"61km S of Sand Point, Alaska",earthquake
2015-03-05T09:41:05.000Z,61.2686,-146.6876,15.1,3,ml,,,,0.62,ak,ak11522673,2015-03-13T21:16:59.679Z,"23km NW of Valdez, Alaska",earthquake
2015-03-05T08:41:58.730Z,35.9678,-96.8006,3.14,2.9,mb_lg,,49,0.004,0.5,us,usc000tv5d,2015-03-12T04:39:00.656Z,"3km WSW of Cushing, Oklahoma",earthquake
2015-03-05T08:03:17.000Z,52.3313,-165.2845,37.9,2.8,ml,,,,0.46,ak,ak11522626,2015-03-14T01:57:41.112Z,"191km SSE of Unalaska, Alaska",earthquake
2015-03-05T07:58:53.321Z,38.3822,-115.4891,0,2.6,ml,7,231.45,0.083,0.31,nn,nn00485823,2015-03-05T17:10:07.832Z,"39km S of Currant, Nevada",earthquake
2015-03-05T07:55:52.000Z,62.6347,-149.4607,65.8,4.5,ml,,,,0.71,ak,ak11522614,2015-03-14T01:54:15.268Z,"46km NE of Talkeetna, Alaska",earthquake
2015-03-05T07:30:42.990Z,39.8155,143.2854,29.86,4.5,mb,,133,2.199,0.97,us,usc000tv51,2015-03-05T15:33:24.782Z,"115km E of Miyako, Japan",earthquake
2015-03-05T07:23:11.020Z,-24.3275,-67.1918,170.52,4.4,mb,,75,2.325,1.15,us,usc000tv50,2015-03-05T15:25:43.958Z,"89km W of San Antonio de los Cobres, Argentina",earthquake
2015-03-05T06:03:23.450Z,37.0861,-97.9949,5,2.6,mb_lg,,66,0.088,0.3,us,usc000tv4u,2015-03-05T06:46:27.843Z,"8km SSE of Anthony, Kansas",earthquake
2015-03-05T04:31:05.240Z,2.1051,128.5145,247.88,4.9,mb,,122,1.752,0.47,us,usc000tv4m,2015-03-05T12:33:39.263Z,"69km NE of Tobelo, Indonesia",earthquake
2015-03-05T03:48:01.000Z,62.5575,-151.4104,87.7,2.5,ml,,,,0.51,ak,ak11522564,2015-03-13T21:17:04.609Z,"72km WNW of Talkeetna, Alaska",earthquake
2015-03-05T03:41:00.910Z,-33.561,-68.0685,198.93,4.6,mb,,161,2.075,0.76,us,usc000tv4e,2015-03-05T11:43:42.623Z,"64km SE of San Martin, Argentina",earthquake
2015-03-05T02:45:54.050Z,33.1437,139.448,162.81,4.7,mb,,93,0.308,1.11,us,usc000tv48,2015-03-05T10:48:33.573Z,"33km WNW of Hachijo-jima, Japan",earthquake
2015-03-05T02:32:43.500Z,44.436,-114.1388,12.3,2.5,mc,30,53.9999956800003,0.1616968,0.18,mb,mb15818809,2015-03-09T21:08:28.116Z,"10km SE of Challis, Idaho",earthquake
2015-03-05T02:24:53.700Z,19.5468,-68.4929,46,3.4,Md,9,338.4,1.69152768,0.15,pr,pr15064000,2015-03-05T10:27:22.837Z,"85km NE of Miches, Dominican Republic",earthquake
2015-03-05T02:08:50.070Z,-34.2445,-72.6238,13.44,4.6,mb,,90,1.58,0.67,us,usc000tv3t,2015-03-12T04:38:45.382Z,"117km SW of San Antonio, Chile",earthquake
2015-03-05T01:46:14.300Z,37.0872,-97.841,6.99,2.9,mb_lg,,44,0.032,0.2,us,usc000tv3r,2015-03-17T02:12:51.977Z,"18km ESE of Anthony, Kansas",earthquake
2015-03-05T01:44:34.930Z,3.6288,123.9892,430.4,4.2,mb,,99,4.064,0.46,us,usc000tv3q,2015-03-17T02:37:36.149Z,"255km NNW of Manado, Indonesia",earthquake
2015-03-05T01:11:27.900Z,36.4666,-97.3216,7.14,2.6,ml,,68,,0.31,us,us10001l1b,2015-03-17T02:26:32.162Z,"19km N of Perry, Oklahoma",earthquake
2015-03-05T00:42:57.000Z,51.2778,-178.3124,25.5,2.7,ml,,,,0.43,ak,ak11522465,2015-03-13T21:18:17.577Z,"55km E of Amatignak Island, Alaska",earthquake
2015-03-05T00:38:02.000Z,51.9821,178.394,131.1,2.6,ml,,,,0.6,ak,ak11528103,2015-03-13T21:18:00.968Z,"8km WNW of Little Sitkin Island, Alaska",earthquake
2015-03-05T00:07:12.400Z,0.2273,96.9006,10,5.5,mb,,66,12.337,0.53,us,usc000tv3f,2015-03-10T22:09:31.000Z,"255km SSE of Sinabang, Indonesia",earthquake
2015-03-04T22:35:41.000Z,51.3848,-174.3631,3.5,2.5,ml,,,,0.23,ak,ak11522243,2015-03-09T21:36:16.014Z,"90km S of Atka, Alaska",earthquake
2015-03-04T20:24:58.300Z,35.96,-96.7944,3.527,2.9,ml,,197,,0.56,us,usc000tuzs,2015-03-12T04:38:26.967Z,"3km SW of Cushing, Oklahoma",earthquake
2015-03-04T19:32:41.000Z,54.4164,-163.8661,77.9,2.7,ml,,,,0.49,ak,ak11522073,2015-03-09T21:35:40.054Z,"56km SSW of False Pass, Alaska",earthquake
2015-03-04T19:30:51.100Z,19.1256,-64.5662,47,2.9,Md,3,342,1.05911372,0.3,pr,pr15063005,2015-03-04T23:48:28.416Z,"78km N of Road Town, British Virgin Islands",earthquake
2015-03-04T16:46:25.310Z,31.6653333,-115.9105,13.93,2.97,ml,8,140,0.34,0.09,ci,ci37108839,2015-03-16T00:39:04.040Z,"62km E of Maneadero, B.C., Mexico",earthquake
2015-03-04T15:21:47.710Z,-20.2383,-177.8379,552.02,4.8,mb,,39,4.611,0.98,us,usc000tuy1,2015-03-13T04:44:27.251Z,"100km ENE of Ndoi Island, Fiji",earthquake
2015-03-04T15:20:37.150Z,-19.2928,-177.5621,597.14,4.3,mb,,123,4.436,0.73,us,usc000tvln,2015-03-13T04:40:48.936Z,"191km NE of Ndoi Island, Fiji",earthquake
2015-03-04T15:16:47.100Z,36.4716,-97.3152,6.966,2.6,ml,,70,,0.37,us,usc000tuxx,2015-03-13T03:28:32.617Z,"20km N of Perry, Oklahoma",earthquake
2015-03-04T14:32:10.480Z,37.9766,103.9378,17.36,4.5,mb,,119,5.641,0.64,us,usc000tuxp,2015-03-04T22:34:38.027Z,"159km N of Baiyin, China",earthquake
2015-03-04T14:19:52.620Z,6.0387,126.1069,146.23,4.6,mb,,119,5.38,0.67,us,usc000tuxm,2015-03-04T22:22:33.663Z,"36km SSW of Pondaguitan, Philippines",earthquake
2015-03-04T14:17:27.000Z,57.4339,-155.5517,68.6,2.5,ml,,,,0.51,ak,ak11522003,2015-03-09T21:35:57.861Z,"95km W of Larsen Bay, Alaska",earthquake
2015-03-04T14:01:10.780Z,-27.9728,-13.2389,14.45,4.9,mb,,72,13.823,0.3,us,usc000tuxl,2015-03-04T22:03:37.482Z,"Southern Mid-Atlantic Ridge",earthquake
2015-03-04T13:51:42.830Z,40.6628333,-126.6075,5.11,2.96,md,21,308,1.739,0.2,nc,nc72405275,2015-03-11T02:38:06.531Z,"198km W of Ferndale, California",earthquake
2015-03-04T13:23:21.020Z,12.2178,-88.3266,57.78,4.5,mb,,149,1.335,0.86,us,usc000tuxh,2015-03-04T21:25:56.610Z,"111km WSW of Jiquilillo, Nicaragua",earthquake
2015-03-04T12:57:52.870Z,31.5081667,-115.6326667,11.97,2.61,ml,4,152,0.4832,0.09,ci,ci37108687,2015-03-04T22:04:13.804Z,"91km SSW of Alberto Oviedo Mota, B.C., Mexico",earthquake
2015-03-04T12:33:16.530Z,35.8741,-97.4776,5,2.5,mb_lg,,69,0.242,0.62,us,usc000tv0l,2015-03-05T12:26:50.448Z,"4km W of Guthrie, Oklahoma",earthquake
2015-03-04T12:20:35.000Z,53.4388,-163.2537,25.6,3,ml,,,,0.47,ak,ak11521995,2015-03-09T21:35:20.649Z,"157km S of False Pass, Alaska",earthquake
2015-03-04T10:23:49.910Z,44.5123,-114.1588,7.71,2.9,ml,,52,0.094,0.75,us,usc000tuvk,2015-03-04T23:54:33.100Z,"5km E of Challis, Idaho",earthquake
2015-03-04T09:42:28.900Z,36.9556667,-120.2691667,9.09,2.63,md,80,47,0.34,0.19,nc,nc72405190,2015-03-05T20:43:10.585Z,"15km SSW of Fairmead, California",earthquake
2015-03-04T09:03:11.740Z,36.6247,-97.7588,4.11,2.8,mb_lg,,75,0.216,0.41,us,usc000tuvb,2015-03-04T22:56:40.420Z,"20km S of Medford, Oklahoma",earthquake
2015-03-04T08:35:09.530Z,50.3266,-129.7276,15.09,4.9,mb,,153,2.119,1.2,us,usc000tuv5,2015-03-04T16:37:53.634Z,"168km WSW of Port Hardy, Canada",earthquake
2015-03-04T06:16:11.000Z,60.9469,-145.8384,16.7,2.9,ml,,,,0.61,ak,ak11521924,2015-03-09T21:34:22.789Z,"34km SE of Valdez, Alaska",earthquake
2015-03-04T04:58:02.210Z,51.9794,171.061,20.36,4,mb,,209,2.011,0.32,us,usc000tvl4,2015-03-17T01:06:51.427Z,"173km WSW of Attu Station, Alaska",earthquake
2015-03-04T04:05:25.980Z,-26.1403,-179.9746,472.74,4.7,mb,,98,3.585,0.75,us,usc000tuun,2015-03-17T00:57:08.006Z,"South of the Fiji Islands",earthquake
2015-03-04T03:39:05.000Z,60.9311,-145.812,14.9,4,ml,,,,0.67,ak,ak11521877,2015-03-17T00:46:36.040Z,"35km SE of Valdez, Alaska",earthquake
2015-03-04T03:08:07.500Z,35.9636,-97.402,5.565,2.5,ml,,73,,0.39,us,usc000tws9,2015-03-17T00:26:36.285Z,"9km NNE of Guthrie, Oklahoma",earthquake
2015-03-04T02:53:16.000Z,54.0959,-160.9828,25.5,2.5,ml,,,,0.85,us,us10001l37,2015-03-13T02:44:43.059Z,"120km SW of Chernabura Island, Alaska",earthquake
2015-03-04T02:38:28.230Z,-18.2474,-174.5267,154.76,4.3,mb,,94,4.437,1.38,us,usc000tvlh,2015-03-13T02:39:40.046Z,"72km NW of Neiafu, Tonga",earthquake
2015-03-04T02:22:30.290Z,-60.3568,-26.3935,10,4.5,mb,,83,14.696,1.18,us,usc000tvlq,2015-03-13T02:34:48.927Z,"147km S of Bristol Island, South Sandwich Islands",earthquake
2015-03-04T02:00:43.100Z,33.1743333,-116.0348333,8.05,2.73,ml,85,25,0.1132,0.27,ci,ci37108287,2015-03-12T04:00:49.952Z,"10km ENE of Ocotillo Wells, California",earthquake
2015-03-04T00:46:18.640Z,-1.1009,98.2509,29.86,4,mb,,218,2.482,0.98,us,usc000tvld,2015-03-13T02:23:15.971Z,"82km W of Sikabaluan, Indonesia",earthquake
2015-03-04T00:22:33.070Z,-30.1727,-178.0455,97.97,4.4,mb,,86,0.93,1.23,us,usc000tvlk,2015-03-13T01:53:37.269Z,"101km S of Raoul Island, New Zealand",earthquake
2015-03-04T00:00:04.350Z,43.604,11.175,9.2,3.7,ml,,,,1.3,us,usc000tust,2015-03-13T00:03:04.305Z,"4km N of Tavarnelle Val di Pesa, Italy",earthquake
2015-03-03T23:51:54.350Z,43.594,11.177,10.1,3.3,ml,,,,0.83,us,usc000tusn,2015-03-12T23:55:02.120Z,"3km N of Tavarnelle Val di Pesa, Italy",earthquake
2015-03-03T23:39:51.480Z,-6.9949,128.1705,253.73,4,mb,,52,3.253,0.95,us,usc000tvkv,2015-03-12T23:45:19.457Z,"Banda Sea",earthquake
2015-03-03T22:40:00.630Z,38.1167,144.7175,10,4.3,mb,,181,3.112,0.58,us,usc000tvku,2015-03-15T02:51:32.502Z,"277km ESE of Kamaishi, Japan",earthquake
2015-03-03T21:58:56.530Z,-60.3103,-26.679,10,4.6,mb,,104,14.808,0.65,us,usc000tvkr,2015-03-15T03:19:43.982Z,"142km S of Bristol Island, South Sandwich Islands",earthquake
2015-03-03T20:58:40.610Z,36.5269,70.7009,204.03,4.3,mb,,72,0.605,0.94,us,usc000tuqx,2015-03-04T22:06:59.040Z,"39km SSW of Jarm, Afghanistan",earthquake
2015-03-03T20:56:44.000Z,36.5984,-97.6292,3.667,2.9,ml,,65,,0.6,us,usc000turd,2015-03-04T21:51:20.661Z,"24km SSE of Medford, Oklahoma",earthquake
2015-03-03T20:35:27.633Z,41.8501,-119.6421,7.3652,3.36,ml,5,124.53,0.155,0.2078,nn,nn00485580,2015-03-04T21:21:20.040Z,"69km ESE of Lakeview, Oregon",earthquake
2015-03-03T20:26:00.500Z,36.1656,-96.9956,5,2.9,ml,,105,,0.62,us,usc000tur1,2015-03-04T20:22:44.427Z,"7km NE of Stillwater, Oklahoma",earthquake
2015-03-03T20:05:24.700Z,36.1634,-96.9948,4.464,3,ml,,104,,0.48,us,usc000tuq5,2015-03-12T04:37:07.682Z,"7km NE of Stillwater, Oklahoma",earthquake
2015-03-03T19:29:33.000Z,52.2938,-171.2245,142.4,3.3,ml,,,,0.59,ak,ak11521818,2015-03-09T23:06:01.837Z,"21km S of Amukta Island, Alaska",earthquake
2015-03-03T19:01:24.000Z,52.2231,-176.0211,150.5,2.7,ml,,,,0.47,ak,ak11521784,2015-03-07T02:21:20.503Z,"58km NE of Adak, Alaska",earthquake
2015-03-03T17:41:32.100Z,36.6007,-97.6891,3.093,2.9,ml,,70,,0.82,us,usc000tup4,2015-03-04T19:54:49.489Z,"23km S of Medford, Oklahoma",earthquake
2015-03-03T15:56:01.280Z,37.1973,-97.9054,9.65,3.8,mb_lg,,55,0.01,0.4,us,usc000tunu,2015-03-12T04:36:29.683Z,"12km ENE of Anthony, Kansas",earthquake
2015-03-03T15:10:16.900Z,36.4697,-97.3132,6.363,2.5,ml,,59,,0.22,us,usc000turq,2015-03-05T22:14:33.099Z,"20km N of Perry, Oklahoma",earthquake
2015-03-03T15:04:20.270Z,35.3683,136.7505,39.36,4.6,mb,,42,0.228,0.87,us,usc000tunh,2015-03-12T04:36:50.049Z,"1km W of Kasamatsucho, Japan",earthquake
2015-03-03T14:53:58.880Z,37.6978,72.053,126.16,4.4,mb,,75,1.307,0.97,us,usc000tunf,2015-03-04T02:42:30.928Z,"46km ENE of Shughnon, Tajikistan",earthquake
2015-03-03T13:30:59.000Z,53.1297,-166.8327,31.8,3,ml,,,,0.31,ak,ak11521684,2015-03-07T02:21:02.111Z,"85km SSW of Unalaska, Alaska",earthquake
2015-03-03T13:17:36.770Z,-15.1355,-172.6234,28.93,4.6,mb,,118,1.468,1.25,us,usc000tun6,2015-03-04T02:42:34.913Z,"150km NE of Hihifo, Tonga",earthquake
2015-03-03T12:45:17.680Z,-20.3589,-69.0228,103.4,5.3,mb,,47,0.249,1.16,us,usc000tun1,2015-03-10T22:20:08.000Z,"118km E of Iquique, Chile",earthquake
2015-03-03T12:06:13.330Z,36.0665,-97.522,3.37,3.4,mb_lg,,35,0.415,0.6,us,usc000tumz,2015-03-12T04:36:14.382Z,"14km NNE of Crescent, Oklahoma",earthquake
2015-03-03T10:37:29.980Z,-0.7691,98.663,28,6.1,mww,,22,2.328,1.2,us,usc000tumx,2015-03-10T18:05:57.000Z,"53km NW of Sikabaluan, Indonesia",earthquake
2015-03-03T09:27:22.720Z,-23.0016,-174.4845,10,4.8,mb,,95,5.776,1.31,us,usc000tumr,2015-03-03T17:29:54.674Z,"190km SSE of `Ohonua, Tonga",earthquake
2015-03-03T09:23:53.810Z,23.4817,99.0088,10,4.5,mb,,59,3.776,1.11,us,usc000tumq,2015-03-03T17:26:27.715Z,"38km W of Gengma, China",earthquake
2015-03-03T08:01:57.659Z,41.8704,-119.6612,9.1441,3.16,ml,5,121.31,0.13,0.1842,nn,nn00485468,2015-03-17T10:45:09.935Z,"66km ESE of Lakeview, Oregon",earthquake
2015-03-03T07:58:31.821Z,41.8597,-119.6664,6.7308,3.13,ml,5,222.66,0.135,0.0842,nn,nn00485470,2015-03-17T10:31:31.336Z,"67km ESE of Lakeview, Oregon",earthquake
2015-03-03T07:57:56.224Z,41.8453,-119.6403,3.3019,3.43,ml,5,122.48,0.159,0.1674,nn,nn00485469,2015-03-17T09:59:22.202Z,"69km ESE of Lakeview, Oregon",earthquake
2015-03-03T07:57:56.220Z,41.8453,-119.6403,3.302,3.4,ml,,122,0.159,0.66,us,us10001n0k,2015-03-17T11:10:59.837Z,"69km ESE of Lakeview, Oregon",earthquake
2015-03-03T07:47:12.000Z,19.4389,-64.4705,94,3.1,Md,6,313.2,1.02497774,0.5,pr,pr15062002,2015-03-03T15:49:44.709Z,"114km N of Road Town, British Virgin Islands",earthquake
2015-03-03T06:51:36.000Z,53.4627,-165.6867,25.6,2.5,ml,,,,0.4,ak,ak11521605,2015-03-07T02:20:36.009Z,"72km SE of Unalaska, Alaska",earthquake
2015-03-03T05:56:49.900Z,19.1285,-155.4867,44.4,2.7,Md,,172.8,0.03593261,0.15,hv,hv60864296,2015-03-03T15:42:59.306Z,"8km S of Pahala, Hawaii",earthquake
2015-03-03T05:16:32.750Z,36.0187,-97.055,4.03,2.9,mb_lg,,65,0.187,0.48,us,usc000tukh,2015-03-12T04:35:59.876Z,"5km NNW of Perkins, Oklahoma",earthquake
2015-03-03T05:10:22.420Z,37.2742,-98.0518,7.21,2.8,mb_lg,,99,0.048,0.16,us,usc000tuke,2015-03-03T16:12:47.108Z,"2km WSW of Harper, Kansas",earthquake
2015-03-03T04:54:24.900Z,18.5461,-63.8984,2,2.6,Md,5,324,0.69260108,0.15,pr,pr15062001,2015-03-16T04:21:35.040Z,"77km E of Road Town, British Virgin Islands",earthquake
2015-03-03T04:36:43.800Z,-13.7136,168.1041,33.69,4.8,mb,,57,1.931,0.52,us,usc000tuk5,2015-03-16T04:26:17.600Z,"62km ENE of Sola, Vanuatu",earthquake
2015-03-03T04:31:02.400Z,36.9102,-98.1525,6.397,2.6,ml,,111,,0.37,us,usc000twrb,2015-03-16T04:21:18.281Z,"25km NE of Cherokee, Oklahoma",earthquake
2015-03-03T04:27:48.940Z,4.4925,126.9867,51.15,4.3,mb,,114,2.918,0.68,us,usc000tvk6,2015-03-16T04:15:51.424Z,"196km ESE of Sarangani, Philippines",earthquake
2015-03-03T04:20:02.990Z,-13.6711,167.9674,29.31,4.6,mb,,62,1.914,0.43,us,usc000tuk4,2015-03-16T04:08:34.346Z,"50km ENE of Sola, Vanuatu",earthquake
2015-03-03T03:33:02.600Z,36.4175,-96.9481,5,2.5,ml,,83,,0.29,us,usc000twr9,2015-03-16T03:16:03.407Z,"15km NW of Pawnee, Oklahoma",earthquake
2015-03-03T03:18:08.800Z,38.8201667,-122.8405,2.79,2.99,md,82,25,0.005189,0.06,nc,nc72404540,2015-03-15T23:18:41.040Z,"8km WNW of The Geysers, California",earthquake
2015-03-03T03:12:07.800Z,19.6863,-66.277,40,3,Md,12,288,1.38160891,0.31,pr,pr15062000,2015-03-16T03:10:28.040Z,"135km N of Dorado, Puerto Rico",earthquake
2015-03-03T03:07:57.620Z,-15.0468,-173.5104,40.49,4.7,mb,,84,2.024,0.46,us,usc000tvkk,2015-03-16T03:10:15.008Z,"103km NNE of Hihifo, Tonga",earthquake
2015-03-03T02:51:52.390Z,19.3441,-108.5429,35.83,4.1,mb,,202,4.512,0.8,us,usc000tujh,2015-03-16T03:05:23.782Z,"263km ENE of Socorro Island, Mexico",earthquake
2015-03-03T02:10:18.000Z,-24.236,-69.679,91,4.5,mwr,,,,1.44,us,usc000tujc,2015-03-16T02:47:36.995Z,"97km SE of Antofagasta, Chile",earthquake
2015-03-03T01:39:33.710Z,48.3012,154.4904,60.5,4.4,mb,,136,5.226,0.46,us,usc000tun4,2015-03-16T02:31:27.719Z,"289km SSW of Severo-Kuril'sk, Russia",earthquake
2015-03-03T01:37:24.000Z,-17.708,-69.812,156.8,4.5,mb,,,,0.56,us,usc000tuj5,2015-03-16T02:08:29.724Z,"34km SE of Tarata, Peru",earthquake
2015-03-03T01:29:28.620Z,36.1706,-97.0622,5.43,2.9,ml,,,,0.64,us,usc000tuu0,2015-03-15T23:10:37.035Z,"6km N of Stillwater, Oklahoma",earthquake
2015-03-03T00:25:22.680Z,40.3023333,-125.6095,4.45,2.63,md,15,332,1.014,0.19,nc,nc72404480,2015-03-06T07:13:04.502Z,"118km WSW of Ferndale, California",earthquake
2015-03-03T00:11:39.000Z,56.5702,-154.891,19.3,2.9,ml,,,,0.57,ak,ak11521469,2015-03-07T02:19:33.550Z,"94km NNE of Chirikof Island, Alaska",earthquake
2015-03-02T23:10:30.000Z,51.2589,-179.4117,25.7,3.1,ml,,,,0.5,ak,ak11521379,2015-03-10T21:01:10.621Z,"21km W of Amatignak Island, Alaska",earthquake
2015-03-02T23:00:35.400Z,36.1822,-97.0809,3.57,2.5,mb_lg,,57,0.301,0.43,us,usc000tuty,2015-03-04T03:44:12.849Z,"7km NNW of Stillwater, Oklahoma",earthquake
2015-03-02T22:46:22.910Z,41.241,-117.2235,16.87,2.8,ml,,48,1.582,0.97,us,usc000tuhc,2015-03-13T05:26:37.811Z,"52km NE of Winnemucca, Nevada",earthquake
2015-03-02T21:51:58.820Z,9.8729,126.3333,69.96,5,mb,,59,2.883,0.96,us,usc000tugb,2015-03-12T00:22:18.428Z,"21km ENE of General Luna, Philippines",earthquake
2015-03-02T21:11:12.080Z,40.6455,144.3006,21.93,4.4,mb,,141,1.616,1.15,us,usc000tvj8,2015-03-12T00:17:05.810Z,"229km ENE of Miyako, Japan",earthquake
2015-03-02T20:06:30.900Z,36.2209,-97.6541,3.917,3.2,ml,,66,,0.41,us,usc000tue9,2015-03-03T04:52:05.539Z,"22km ESE of Waukomis, Oklahoma",earthquake
2015-03-02T19:07:53.170Z,36.223,-97.6672,5,3.1,mb_lg,,67,0.379,0.3,us,usc000tue2,2015-03-03T04:51:11.593Z,"21km ESE of Waukomis, Oklahoma",earthquake
2015-03-02T19:04:44.000Z,63.4033,-145.4717,7.7,3.3,ml,,,,0.96,ak,ak11521149,2015-03-11T19:53:04.560Z,"53km SSW of Deltana, Alaska",earthquake
2015-03-02T18:15:01.000Z,52.7686,-169.5029,18.5,2.6,ml,,,,0.69,ak,ak11521134,2015-03-10T21:01:29.773Z,"46km WSW of Nikolski, Alaska",earthquake
2015-03-02T17:13:43.500Z,18.5123,-66.0921,78,2.7,Md,8,198,0.32788508,0.28,pr,pr15061003,2015-03-03T01:16:09.718Z,"5km NNE of San Juan, Puerto Rico",earthquake
2015-03-02T16:53:46.030Z,-27.8698,-71.0899,32.15,5.3,mwb,,86,0.319,0.67,us,usc000tucw,2015-03-10T23:50:52.000Z,"84km NNW of Vallenar, Chile",earthquake
2015-03-02T16:37:23.000Z,52.34,-170.2786,57.7,4,ml,,,,0.78,ak,ak11521042,2015-03-10T21:01:19.265Z,"43km SE of Yunaska Island, Alaska",earthquake
2015-03-02T16:01:23.660Z,36.5396,71.1785,96.97,4.5,mb,,72,0.758,1.01,us,usc000tuci,2015-03-03T00:04:04.386Z,"35km WSW of Ashkasham, Afghanistan",earthquake
2015-03-02T15:03:43.000Z,60.1042,-152.8526,112.4,3.2,ml,,,,0.78,ak,ak11520992,2015-03-10T21:01:21.486Z,"42km S of Redoubt Volcano, Alaska",earthquake
2015-03-02T14:19:53.870Z,4.768,96.0158,7.95,4.9,mb,,124,1.034,0.89,us,usc000tuc5,2015-03-02T22:22:27.084Z,"57km SSW of Reuleuet, Indonesia",earthquake
2015-03-02T13:29:12.800Z,-1.8423,133.3591,39.61,5.1,mb,,40,1.541,0.71,us,usc000tuc2,2015-03-02T21:31:47.664Z,"134km SW of Manokwari, Indonesia",earthquake
2015-03-02T12:02:12.000Z,51.8113,179.7074,105.8,2.8,ml,,,,0.16,us,us10001le3,2015-03-16T09:51:00.256Z,"17km SSE of Semisopochnoi Island, Alaska",earthquake
2015-03-02T11:46:26.900Z,36.2205,-97.6578,4.896,2.5,ml,,80,,0.72,us,usc000tubw,2015-03-16T09:03:03.591Z,"22km ESE of Waukomis, Oklahoma",earthquake
2015-03-02T11:19:18.190Z,30.8976,141.94,18.5,4.4,mb,,147,3.794,0.44,us,usc000tvix,2015-03-16T08:23:29.059Z,"Izu Islands, Japan region",earthquake
2015-03-02T10:33:16.580Z,4.8128,96.1842,20.7,4.8,mb,,109,0.865,1.49,us,usc000tubr,2015-03-02T18:36:00.511Z,"45km SSW of Reuleuet, Indonesia",earthquake
2015-03-02T10:26:30.000Z,51.4663,-179.1136,178.5,2.6,ml,,,,0.88,ak,ak11526245,2015-03-10T21:03:18.824Z,"22km N of Amatignak Island, Alaska",earthquake
2015-03-02T09:34:22.000Z,65.0768,-164.0172,19.8,2.5,ml,,,,0.47,ak,ak11526239,2015-03-11T19:54:39.548Z,"92km NE of Nome, Alaska",earthquake
2015-03-02T08:38:59.660Z,31.374,140.2294,10,4.6,mb,,95,1.771,1.43,us,usc000tuba,2015-03-02T16:41:31.722Z,"193km SSE of Hachijo-jima, Japan",earthquake
2015-03-02T08:37:25.990Z,31.7192,139.6467,10,4.4,mb,,76,1.399,1.35,us,usc000tubb,2015-03-02T16:39:54.283Z,"151km S of Hachijo-jima, Japan",earthquake
2015-03-02T07:05:41.000Z,59.4562,-153.2592,102.2,2.8,ml,,,,0.75,ak,ak11520874,2015-03-10T21:01:39.999Z,"88km WSW of Anchor Point, Alaska",earthquake
2015-03-02T06:51:07.900Z,19.1189,-66.3912,25,2.8,Md,10,284.4,0.83992479,0.21,pr,pr15061002,2015-03-02T14:53:44.516Z,"72km N of Brenas, Puerto Rico",earthquake
2015-03-02T06:43:43.620Z,-20.5646,-175.1225,163.85,4.6,mb,,94,5.11,0.91,us,usc000tuaz,2015-03-02T14:46:22.329Z,"63km N of Nuku`alofa, Tonga",earthquake
2015-03-02T06:42:22.000Z,52.2916,-165.4081,41.3,2.6,ml,,,,0.27,ak,ak11520872,2015-03-10T21:01:23.115Z,"191km SSE of Unalaska, Alaska",earthquake
2015-03-02T06:09:11.800Z,18.7024,-65.0606,66,2.9,Md,9,216,0.44466607,0.28,pr,pr15061001,2015-03-02T14:11:46.306Z,"42km NNW of Charlotte Amalie, U.S. Virgin Islands",earthquake
2015-03-02T06:08:43.840Z,35.6773,48.9812,10,4.4,mb,,59,0.49,1.15,us,usc000tuaw,2015-03-02T14:11:22.142Z,"56km SSW of Abhar, Iran",earthquake
2015-03-02T06:05:13.000Z,61.2449,-146.7518,15,3.5,ml,,,,0.65,ak,ak11520857,2015-03-11T19:54:04.076Z,"25km WNW of Valdez, Alaska",earthquake
2015-03-02T05:39:50.500Z,-27.9359,-66.4772,163.99,4.7,mb,,44,2.601,0.95,us,usc000tuar,2015-03-02T13:42:34.419Z,"42km SSW of Andalgala, Argentina",earthquake
2015-03-02T05:12:36.000Z,51.0866,175.6185,10,3.6,ml,,,,0.85,ak,ak11520855,2015-03-11T19:53:45.617Z,"143km S of Buldir Island, Alaska",earthquake
2015-03-02T04:48:28.000Z,53.0316,-167.5416,52.1,2.8,ml,,,,0.61,us,us10001le1,2015-03-11T03:12:54.130Z,"89km E of Nikolski, Alaska",earthquake
2015-03-02T04:12:49.030Z,36.3023,54.1233,10,3.9,mb,,52,0.309,0.8,us,usc000tvjb,2015-03-10T04:24:10.324Z,"25km NW of Damghan, Iran",earthquake
2015-03-02T03:37:00.460Z,2.5675,95.8173,20.44,4.2,mb,,220,2.159,0.29,us,usc000tvib,2015-03-10T03:50:53.462Z,"63km W of Sinabang, Indonesia",earthquake
2015-03-02T03:16:26.220Z,43.3652,-126.6048,10,3,ml,,215,1.733,0.82,us,usc000tuaj,2015-03-10T02:36:23.510Z,"180km W of Bandon, Oregon",earthquake
2015-03-02T03:07:43.510Z,-20.1179,-177.5381,528.67,4.1,mb,,74,4.794,0.56,us,usc000tviv,2015-03-10T02:30:57.807Z,"134km ENE of Ndoi Island, Fiji",earthquake
2015-03-02T02:51:12.550Z,6.7422,127.2629,10,4.3,mb,,136,1.703,0.86,us,usc000tvj1,2015-03-10T00:25:00.205Z,"95km ESE of Manay, Philippines",earthquake
2015-03-02T02:50:47.880Z,-59.561,-150.6522,13,5.5,mwb,,70,30.578,0.97,us,usc000tuyv,2015-03-09T23:55:38.032Z,"Pacific-Antarctic Ridge",earthquake
2015-03-02T02:49:17.830Z,-16.1252,-74.0042,66.06,3.9,mb,,176,4.826,0.5,us,usc000tuuh,2015-03-09T23:45:42.505Z,"100km SE of Acari, Peru",earthquake
2015-03-02T02:34:25.080Z,-60.9459,-53.2836,15.21,4.3,mb,,77,6.243,0.74,us,usc000tvjd,2015-03-09T23:39:11.844Z,"South Shetland Islands",earthquake
2015-03-02T02:29:37.800Z,35.8515,-97.2455,5.464,2.6,ml,,105,,0.49,us,usc000tucd,2015-03-09T23:29:25.747Z,"10km S of Langston, Oklahoma",earthquake
2015-03-02T02:05:53.430Z,18.5206,-156.093,50.35,3.4,ml,,283,0.851,0.43,us,usc000tub8,2015-03-09T23:20:35.134Z,"69km SSW of Hawaiian Ocean View, Hawaii",earthquake
2015-03-02T01:56:01.880Z,30.5634,142.0995,14.41,4.3,mb,,160,6.788,0.37,us,usc000tvir,2015-03-09T23:12:49.175Z,"Izu Islands, Japan region",earthquake
2015-03-02T01:40:52.450Z,0.0779,124.5454,84.79,5,mb,,47,2.093,1.35,us,usc000tuaf,2015-03-09T05:30:31.839Z,"68km SSE of Lolayan, Indonesia",earthquake
2015-03-02T01:34:44.620Z,45.7178,149.5865,99.21,4.1,mb,,186,5.217,0.74,us,usc000tvis,2015-03-09T05:08:13.452Z,"143km ENE of Kuril'sk, Russia",earthquake
2015-03-02T00:17:09.880Z,34.9064,-113.911,5,2.8,ml,,46,0.193,1.25,us,usc000tuac,2015-03-02T08:19:50.054Z,"33km SSE of Kingman, Arizona",earthquake
2015-03-01T23:47:20.990Z,48.4967,154.1956,69.82,4.5,mb,,182,5.123,0.45,us,usc000tua8,2015-03-02T07:49:46.312Z,"279km SSW of Severo-Kuril'sk, Russia",earthquake
2015-03-01T23:19:20.210Z,-33.7623,-178.8376,35,4.7,mb,,116,4.569,1.19,us,usc000tua2,2015-03-02T07:21:49.122Z,"258km S of L'Esperance Rock, New Zealand",earthquake
2015-03-01T23:11:38.400Z,18.5566,-66.8034,82,2.9,Md,11,208.8,0.21290072,0.23,pr,pr15060006,2015-03-02T07:14:06.886Z,"8km NNE of Hatillo, Puerto Rico",earthquake
2015-03-01T22:59:32.890Z,-20.6575,-179.1536,609.61,4.5,mb,,138,3.919,0.54,us,usc000tua6,2015-03-15T22:37:35.627Z,"47km W of Ndoi Island, Fiji",earthquake
2015-03-01T22:57:24.000Z,51.6563,-176.8591,41.3,2.9,ml,,,,0.45,us,usc000tv43,2015-03-15T22:31:31.836Z,"28km SSW of Adak, Alaska",earthquake
2015-03-01T21:39:37.990Z,-59.7362,-151.1125,14.97,4.8,mb,,222,22.745,0.24,us,usc000tva6,2015-03-15T22:28:34.821Z,"Pacific-Antarctic Ridge",earthquake
2015-03-01T21:02:12.360Z,-37.4214,177.4053,12.61,4.4,mwr,,94,0.73,0.73,us,usc000tva4,2015-03-15T22:00:45.671Z,"70km NNE of Whakatane, New Zealand",earthquake
2015-03-01T21:02:03.000Z,50.5598,176.7079,25.6,3.2,ml,,,,1.03,us,usc000tv3k,2015-03-13T00:04:13.861Z,"182km SSW of Kiska Volcano, Alaska",earthquake
2015-03-01T19:21:56.240Z,36.6669,137.5007,242.98,4.7,mb,,49,0.578,0.53,us,usc000tu9b,2015-03-03T23:42:07.040Z,"12km ESE of Kamiichi, Japan",earthquake
2015-03-01T18:25:22.200Z,18.2898,-66.061,117,2.6,Md,15,133.2,0.02874609,0.2,pr,pr15060005,2015-03-03T21:14:48.040Z,"4km NNW of Bairoa, Puerto Rico",earthquake
2015-03-01T17:11:55.000Z,61.1375,-152.5885,145.7,3.6,ml,,,,0.82,ak,ak11520593,2015-03-05T02:12:52.165Z,"73km N of Redoubt Volcano, Alaska",earthquake
2015-03-01T16:56:32.770Z,-20.8352,-178.5909,595.75,4.6,mb,,112,4.415,0.79,us,usc000tu7p,2015-03-02T00:59:11.984Z,"23km SSE of Ndoi Island, Fiji",earthquake
2015-03-01T16:50:11.700Z,-23.961,179.2302,545.62,4.7,mb,,89,6.282,0.86,us,usc000tu7j,2015-03-02T00:52:44.566Z,"South of the Fiji Islands",earthquake
2015-03-01T16:49:17.490Z,35.3487,-97.9649,5,2.6,mb_lg,,127,0.422,0.76,us,usc000tu7f,2015-03-02T02:46:04.688Z,"4km NNW of Minco, Oklahoma",earthquake
2015-03-01T16:26:19.210Z,-27.2388,-71.4156,10,4.1,mb,,146,0.993,1.54,us,usc000tu7d,2015-03-02T00:29:01.123Z,"108km W of Copiapo, Chile",earthquake
2015-03-01T15:48:18.530Z,-27.2012,-71.5564,12.26,5,mb,,107,1.071,1.43,us,usc000tu6z,2015-03-12T17:30:22.000Z,"122km W of Copiapo, Chile",earthquake
2015-03-01T15:46:17.420Z,31.0268,141.798,23.2,4.5,mb,,120,2.678,0.89,us,usc000tu72,2015-03-01T23:49:00.655Z,"295km SE of Hachijo-jima, Japan",earthquake
2015-03-01T15:08:28.490Z,-17.2175,-71.9257,57.56,5,mb,,134,1.895,0.74,us,usc000tu6s,2015-03-14T00:37:16.767Z,"14km WSW of Punta de Bombon, Peru",earthquake
2015-03-01T14:22:50.270Z,35.9211667,-120.4705,5.21,2.78,md,81,41,0.0255,0.07,nc,nc72403665,2015-03-03T00:30:06.256Z,"26km SSW of Coalinga, California",earthquake
2015-03-01T13:03:50.000Z,63.4684,-145.8363,10.3,2.7,ml,,,,1.02,ak,ak11520514,2015-03-05T02:13:26.839Z,"54km SW of Deltana, Alaska",earthquake
2015-03-01T12:28:06.500Z,35.331,-97.9672,3.894,2.8,ml,,157,,0.61,us,usc000tu6h,2015-03-15T13:46:24.033Z,"2km NW of Minco, Oklahoma",earthquake
2015-03-01T10:24:41.370Z,23.5657,98.8546,10,5.2,mb,,25,3.868,0.77,us,usc000tu67,2015-03-15T10:40:41.891Z,"25km SSE of Nansan, China",earthquake
2015-03-01T10:02:39.000Z,57.0129,-154.6923,20,2.8,ml,,,,1.17,ak,ak11520489,2015-03-15T08:43:00.040Z,"72km SW of Larsen Bay, Alaska",earthquake
2015-03-01T09:01:56.400Z,19.0109,-65.527,41,2.8,Md,8,277.2,0.73661853,0.07,pr,pr15060003,2015-03-15T06:50:15.040Z,"72km NNE of Vieques, Puerto Rico",earthquake
2015-03-01T08:58:54.730Z,35.9548,-96.7839,3.9,3,mb_lg,,77,0.023,0.67,us,usc000tu60,2015-03-01T16:07:42.894Z,"3km SSW of Cushing, Oklahoma",earthquake
2015-03-01T08:30:06.530Z,13.5485,-90.8901,35,5,mb,,95,1.245,1.13,us,usc000tu5z,2015-03-10T22:14:49.000Z,"42km S of Puerto San Jose, Guatemala",earthquake
2015-03-01T08:16:18.580Z,36.8804,-98.028,4.32,2.6,mb_lg,,88,0.092,0.36,us,usc000tu5x,2015-03-01T13:41:04.498Z,"27km WNW of Medford, Oklahoma",earthquake
2015-03-01T07:45:21.000Z,59.995,-153.2869,131.4,2.9,ml,,,,0.65,ak,ak11520437,2015-03-05T02:13:18.743Z,"62km SSW of Redoubt Volcano, Alaska",earthquake
2015-03-01T07:16:48.280Z,34.0559,137.5374,322.6,4.1,mb,,65,0.818,1,us,usc000tu5n,2015-03-01T15:19:15.090Z,"72km SSE of Tahara, Japan",earthquake
2015-03-01T07:01:56.630Z,4.7381,125.9146,99.38,5.3,mb,,72,4.198,1.29,us,usc000tu5k,2015-03-01T15:04:37.382Z,"88km SE of Sarangani, Philippines",earthquake
2015-03-01T05:15:59.620Z,36.1195,-97.4481,6.11,2.6,mb_lg,,63,0.48,0.47,us,usc000tu54,2015-03-01T06:44:50.360Z,"22km NE of Crescent, Oklahoma",earthquake
2015-03-01T04:56:54.799Z,41.8779,-119.6259,9.2334,2.69,ml,5,122.62,0.147,0.1704,nn,nn00485104,2015-03-02T03:25:31.280Z,"72km SE of Lakeview, Oregon",earthquake
2015-03-01T03:32:36.340Z,0.0723,124.4756,89.18,5.4,mb,,43,2.031,1.37,us,usc000tu4z,2015-03-01T03:51:25.389Z,"64km ESE of Molibagu, Indonesia",earthquake
2015-03-01T02:59:50.900Z,19.2318,-67.1875,26,3,Md,6,338.4,0.76356799,0.3,pr,pr15060000,2015-03-01T11:02:29.344Z,"82km NNW of Isabela, Puerto Rico",earthquake
2015-03-01T02:47:20.840Z,37.0905,-97.8534,7.44,3.5,mb_lg,,44,0.023,0.4,us,usc000tu4j,2015-03-14T00:38:01.247Z,"17km ESE of Anthony, Kansas",earthquake
2015-03-01T01:47:03.350Z,39.1471667,-123.5098333,5.25,2.58,md,42,104,0.0357,0.11,nc,nc72403460,2015-03-12T04:34:16.580Z,"19km NW of Boonville, California",earthquake
2015-03-01T01:42:53.590Z,0.9188,-28.2869,10,4.7,mb,,100,10.134,1.13,us,usc000tu46,2015-03-01T09:45:31.314Z,"Central Mid-Atlantic Ridge",earthquake
2015-03-01T00:51:34.300Z,18.5494,-66.1224,108,2.7,Md,3,198,0.48059868,0.18,pr,pr15060001,2015-03-15T03:30:38.366Z,"9km N of San Juan, Puerto Rico",earthquake
2015-03-01T00:05:12.200Z,35.9531,-96.7739,3.88,3.2,ml,,78,,0.49,us,usc000tu3p,2015-03-15T04:19:10.724Z,"3km S of Cushing, Oklahoma",earthquake
2015-02-28T23:08:44.450Z,36.536,-89.6391667,13.44,3.12,md,51,33,0.02476,0.08,nm,nm60070727,2015-03-18T04:18:18.248Z,"6km SSW of Lilbourn, Missouri",earthquake
2015-02-28T22:39:31.910Z,-4.9346,151.5683,133.95,4.7,mb,,73,0.947,0.81,us,usc000tu2x,2015-03-18T04:51:29.213Z,"100km SW of Kokopo, Papua New Guinea",earthquake
2015-02-28T22:06:53.500Z,36.8349,-97.8779,2.957,2.9,mb_lg,,85,,0.67,us,usc000tu2r,2015-03-18T04:59:23.437Z,"13km WNW of Medford, Oklahoma",earthquake
2015-02-28T22:06:33.330Z,13.8527,-91.8856,35,4.8,mb,,127,0.693,1.01,us,usc000tu2q,2015-03-01T06:09:15.197Z,"49km S of Champerico, Guatemala",earthquake
2015-02-28T20:41:27.370Z,23.915,-108.3654,16.37,4.6,mb,,166,3.875,1.44,us,usc000tu1w,2015-03-01T04:43:54.856Z,"111km WSW of El Dorado, Mexico",earthquake
2015-02-28T20:10:24.000Z,-15.7,-71.99,12,4.8,mb,,,,1.57,us,usc000tu1j,2015-03-05T06:33:19.253Z,"34km N of Lluta, Peru",earthquake
2015-02-28T20:01:04.060Z,36.1397,-97.2912,5.48,3.1,mb_lg,,22,0.411,0.68,us,usc000tu1q,2015-03-15T04:19:38.904Z,"16km S of Perry, Oklahoma",earthquake
2015-02-28T19:27:28.410Z,-56.3206,-27.078,88.95,5.4,mb,,55,5.749,0.89,us,usc000tu15,2015-03-01T03:30:10.190Z,"42km N of Visokoi Island, South Georgia and the South Sandwich Islands",earthquake
2015-02-28T17:58:38.300Z,35.7919,-97.3049,6.08,2.8,ml,,55,,0.69,us,usc000tu0u,2015-03-04T19:21:03.376Z,"14km SE of Guthrie, Oklahoma",earthquake
2015-02-28T16:31:19.130Z,1.5263,126.622,70.96,4.4,mb,,152,1.056,0.7,us,usc000tu0k,2015-03-01T00:34:02.464Z,"116km NW of Kota Ternate, Indonesia",earthquake
2015-02-28T15:53:20.540Z,52.683,-170.6706,86.7,3.8,mb,,168,1.139,1.4,us,usc000tu0e,2015-03-06T03:52:24.364Z,"6km NNE of Yunaska Island, Alaska",earthquake
2015-02-28T15:38:02.300Z,1.5331,66.8198,10,4.7,mb,,82,10.513,1.02,us,usc000tu0c,2015-02-28T23:40:31.747Z,"Carlsberg Ridge",earthquake
2015-02-28T15:21:20.000Z,56.6069,-156.7032,81.2,2.7,ml,,,,0.55,ak,ak11523139,2015-03-06T02:23:14.481Z,"109km NW of Chirikof Island, Alaska",earthquake
2015-02-28T14:21:30.000Z,52.2001,-169.9218,27.6,2.5,ml,,,,0.57,ak,ak11523132,2015-03-06T02:23:32.484Z,"71km SE of Yunaska Island, Alaska",earthquake
2015-02-28T12:36:09.000Z,51.8923,-166.4015,25,2.9,ml,,,,0.8,ak,ak11519722,2015-03-06T02:21:22.825Z,"204km SE of Nikolski, Alaska",earthquake
2015-02-28T12:28:03.860Z,15.3536,-61.365,134.74,4.6,mb,,41,0.116,0.83,us,usc000ttzg,2015-02-28T13:32:37.569Z,"3km E of Mahaut, Dominica",earthquake
2015-02-28T11:35:37.910Z,37.2125,-118.194,10.13,2.68,md,38,186,0.1606,0.07,nc,nc72403110,2015-03-02T22:30:03.282Z,"9km ENE of Big Pine, California",earthquake
2015-02-28T11:13:02.870Z,-3.5996,144.1368,10,4.6,mb,,88,3.576,0.92,us,usc000ttz7,2015-02-28T19:15:33.535Z,"51km N of Angoram, Papua New Guinea",earthquake
2015-02-28T10:53:04.800Z,-8.8342,118.84,122.26,5,mb,,74,3.364,1.2,us,usc000ttz2,2015-02-28T18:55:46.350Z,"15km S of Karumbu, Indonesia",earthquake
2015-02-28T10:41:36.738Z,38.9075,-115.3789,0,3.88,ml,17,72.04,0.582,0.2202,nn,nn00485024,2015-03-05T01:02:16.235Z,"19km NNE of Currant, Nevada",earthquake
2015-02-28T10:11:52.000Z,57.7017,-154.0282,52.4,3,ml,,,,0.61,ak,ak11519646,2015-03-06T02:22:25.999Z,"18km N of Larsen Bay, Alaska",earthquake
2015-02-28T09:14:33.140Z,36.464,-97.33,6.52,2.8,mb_lg,,58,0.312,0.3,us,usc000ttyj,2015-03-01T00:23:54.844Z,"19km N of Perry, Oklahoma",earthquake
2015-02-28T08:44:05.940Z,37.0902,-97.8391,7.34,2.9,mb_lg,,53,0.032,0.46,us,usc000ttyc,2015-02-28T19:21:22.951Z,"18km ESE of Anthony, Kansas",earthquake
2015-02-28T08:42:30.700Z,17.728,-63.9556,156,4,Md,16,313.2,0.77255114,0.37,pr,pr15059000,2015-02-28T16:45:03.851Z,"75km W of The Bottom, Bonaire, Saint Eustatius and Saba ",earthquake
2015-02-28T08:40:40.040Z,35.6273,140.7215,47.41,4.7,mb,,135,0.74,0.96,us,usc000ttya,2015-02-28T10:38:12.339Z,"11km SSE of Asahi, Japan",earthquake
2015-02-28T08:24:24.920Z,43.64,18.4225,4.65,4.2,mb,,43,1.223,0.79,us,usc000tty8,2015-02-28T10:09:02.115Z,"15km SE of Gracanica, Bosnia and Herzegovina",earthquake
2015-02-28T07:22:17.000Z,50.9979,-179.523,25.6,2.6,ml,,,,0.74,ak,ak11519545,2015-03-06T02:21:41.194Z,"41km SW of Amatignak Island, Alaska",earthquake
2015-02-28T06:39:01.000Z,52.5892,-173.7329,209,2.9,ml,,,,0.27,ak,ak11523092,2015-03-06T02:22:02.662Z,"54km NE of Atka, Alaska",earthquake
2015-02-28T05:52:44.640Z,36.5425,-98.1523,5,2.7,mb_lg,,90,0.141,0.49,us,usc000ttxq,2015-02-28T06:34:21.897Z,"10km E of Helena, Oklahoma",earthquake
2015-02-28T05:48:10.490Z,-17.3515,-178.5321,551.34,4.6,mb,,147,3.281,0.86,us,usc000ttxr,2015-02-28T13:50:36.764Z,"245km ESE of Lambasa, Fiji",earthquake
2015-02-28T04:53:10.610Z,-4.9991,-78.2253,62.56,4.6,mb,,142,5.206,0.44,us,usc000ttxg,2015-02-28T12:40:50.898Z,"71km NNE of La Peca, Peru",earthquake
2015-02-28T04:43:03.270Z,-12.0556,-76.5579,29.31,3.9,mb,,113,0.286,0.92,us,usc000ttzb,2015-02-28T18:41:24.183Z,"19km SE of Nicolas de Pierola, Peru",earthquake
2015-02-28T03:45:33.130Z,-36.8219,-72.9926,31.34,4.7,mb,,71,0.034,0.81,us,usc000ttx8,2015-02-28T23:59:38.787Z,"5km E of Concepcion, Chile",earthquake
2015-02-28T03:30:46.700Z,-21.7657,-70.6639,17.33,4.2,mwr,,184,0.724,1.08,us,usc000ttx7,2015-02-28T11:33:39.972Z,"60km NW of Tocopilla, Chile",earthquake
2015-02-28T03:04:13.670Z,31.7068333,-115.8715,5.4,3.16,ml,11,132,0.3041,0.35,ci,ci37105239,2015-03-02T18:16:15.254Z,"66km E of Maneadero, B.C., Mexico",earthquake
2015-02-28T02:14:58.670Z,11.8558,142.2141,35,4.6,mb,,117,3.11,0.71,us,usc000ttwy,2015-02-28T10:17:37.795Z,"296km NE of Fais, Micronesia",earthquake
2015-02-28T01:02:50.830Z,16.983,145.9795,10,5.1,mb,,73,0.688,0.77,us,usc000ttwj,2015-02-28T09:06:12.048Z,"76km NNE of Anatahan, Northern Mariana Islands",earthquake
2015-02-28T00:44:30.000Z,51.6357,177.9682,61.6,3.2,ml,,,,0.5,ak,ak11519409,2015-03-06T03:53:02.047Z,"50km SW of Little Sitkin Island, Alaska",earthquake
2015-02-28T00:42:37.000Z,51.6577,177.9199,62,3.4,ml,,,,0.47,ak,ak11519411,2015-03-06T03:52:43.320Z,"51km SW of Little Sitkin Island, Alaska",earthquake
2015-02-28T00:40:43.110Z,42.6867,144.3223,91.45,4.6,mb,,125,1.093,0.95,us,usc000ttw7,2015-02-28T08:43:21.331Z,"32km S of Kushiro, Japan",earthquake
2015-02-28T00:37:56.840Z,37.0858,-97.8721,7.38,2.5,mb_lg,,46,0.022,0.65,us,usc000ttw3,2015-02-28T01:02:05.591Z,"16km ESE of Anthony, Kansas",earthquake
2015-02-27T23:46:44.720Z,14.0521,-90.8595,94.94,4.8,mb,,118,0.936,1.03,us,usc000ttvt,2015-03-02T04:43:28.791Z,"14km NNW of Puerto San Jose, Guatemala",earthquake
2015-02-27T23:20:42.400Z,-21.7843,-70.6008,35.3,3.7,ml,,192,0.666,1.24,us,usc000ttvh,2015-02-28T07:23:16.369Z,"53km NW of Tocopilla, Chile",earthquake
2015-02-27T22:40:49.410Z,32.9403,-88.016,4.6,3.1,mb_lg,,64,0.261,0.7,us,usc000ttvd,2015-03-04T02:41:22.073Z,"16km NW of Eutaw, Alabama",earthquake
2015-02-27T20:56:45.000Z,19.1021,-68.8823,40,3.4,Md,6,342,1.79213899,0.25,pr,pr15058002,2015-02-28T17:59:48.040Z,"21km NE of Miches, Dominican Republic",earthquake
2015-02-27T20:32:15.000Z,50.4861,-174.0794,13.1,2.9,ml,,,,0.34,ak,ak11519225,2015-03-04T22:19:39.418Z,"190km S of Atka, Alaska",earthquake
2015-02-27T20:23:10.300Z,36.2661,-97.3809,6.809,3.3,ml,,46,,0.62,us,usc000ttu2,2015-03-01T20:26:19.163Z,"8km WSW of Perry, Oklahoma",earthquake
2015-02-27T19:44:17.540Z,16.8872,145.843,35.17,4.7,mb,,76,0.557,0.75,us,usc000ttu4,2015-02-28T17:09:49.655Z,"61km NNE of Anatahan, Northern Mariana Islands",earthquake
2015-02-27T19:02:41.040Z,-37.1304,52.4582,13.18,4.9,mb,,66,9.303,0.98,us,usc000ttth,2015-02-28T16:36:11.912Z,"South Indian Ocean",earthquake
2015-02-27T19:00:10.790Z,1.0461,-77.4876,113.92,4,mb,,92,1.254,1.25,us,usc000tttf,2015-02-28T16:10:29.187Z,"2km SE of Imues, Colombia",earthquake
2015-02-27T18:18:06.000Z,53.5715,-166.1655,44.2,2.5,ml,,,,0.38,ak,ak11519062,2015-03-04T22:19:11.468Z,"41km SE of Unalaska, Alaska",earthquake
2015-02-27T17:36:51.140Z,16.9494,145.918,17.99,5,mb,,50,0.636,0.65,us,usc000ttql,2015-02-28T16:01:34.418Z,"70km NNE of Anatahan, Northern Mariana Islands",earthquake
2015-02-27T17:23:11.300Z,47.4606,-115.8078,2,2.7,md,,82,0.535,0.58,us,usc000ttti,2015-02-28T15:00:33.339Z,"1km SSW of Mullan, Idaho",earthquake
2015-02-27T16:52:01.970Z,16.9849,145.8317,23.45,4.8,mb,,89,0.65,0.8,us,usc000ttq8,2015-02-28T00:54:39.967Z,"71km NNE of Anatahan, Northern Mariana Islands",earthquake
2015-02-27T16:45:20.520Z,17.0008,145.8354,29.85,5,mb,,93,0.666,0.66,us,usc000ttp5,2015-02-28T00:47:49.303Z,"73km NNE of Anatahan, Northern Mariana Islands",earthquake
2015-02-27T16:24:50.580Z,16.9175,145.8377,19.69,5.7,mb,,94,0.585,1,us,usc000ttnw,2015-02-28T00:27:52.122Z,"64km NNE of Anatahan, Northern Mariana Islands",earthquake
2015-02-27T15:51:14.000Z,50.3305,-174.2653,16.3,2.5,ml,,,,0.8,ak,ak11522150,2015-03-05T21:43:15.320Z,"207km S of Atka, Alaska",earthquake
2015-02-27T15:27:56.820Z,-7.4758,122.5155,567.88,5.1,mb,,52,1.184,1.17,us,usc000ttms,2015-02-27T23:30:38.100Z,"110km N of Nebe, Indonesia",earthquake
2015-02-27T14:54:08.030Z,9.9026,126.5135,68.65,4.9,mb,,111,9.11,0.86,us,usc000ttmh,2015-02-27T22:56:44.147Z,"41km ENE of General Luna, Philippines",earthquake
2015-02-27T13:45:05.430Z,-7.2878,122.532,552.33,7,mww,,14,1.37,1.06,us,usc000ttkd,2015-03-10T16:54:10.887Z,"131km N of Nebe, Indonesia",earthquake
2015-02-27T12:53:09.720Z,31.9693,31.0215,15.74,4.3,mb,,106,3.553,1.33,us,usc000ttjy,2015-02-27T20:55:48.306Z,"73km N of Al Hamul, Egypt",earthquake
2015-02-27T12:18:21.820Z,32.8254,-96.8928,5,3.1,mb_lg,,48,0.024,0.78,us,usc000ttju,2015-03-05T02:53:45.570Z,"5km ENE of Irving, Texas",earthquake
2015-02-27T11:41:17.000Z,55.8129,-160.7667,148.6,2.6,ml,,,,0.2,ak,ak11518770,2015-03-04T22:20:03.201Z,"55km NNW of Sand Point, Alaska",earthquake
2015-02-27T11:35:15.040Z,-7.0389,155.298,71.11,5.3,mb,,20,4.21,0.8,us,usc000ttjq,2015-02-27T12:04:33.810Z,"82km SSW of Panguna, Papua New Guinea",earthquake
2015-02-27T07:58:03.430Z,28.2612,128.3134,134.76,4.9,mb,,83,1.42,0.94,us,usc000ttj3,2015-02-27T16:00:31.331Z,"115km W of Naze, Japan",earthquake
2015-02-27T06:02:51.660Z,-17.7651,-178.1119,524.57,4.5,mb,,72,3.654,1,us,usc000ttis,2015-02-27T14:06:04.727Z,"Fiji region",earthquake
2015-02-27T04:25:13.100Z,36.8856,-98.2961,5.999,2.6,ml,,119,,0.36,us,usc000ttmu,2015-03-18T04:04:00.905Z,"15km NNE of Cherokee, Oklahoma",earthquake
2015-02-27T03:44:00.390Z,-37.7869,-93.6862,10,4.2,mb,,154,21.463,0.33,us,usc000tuwa,2015-03-18T05:04:28.282Z,"West Chile Rise",earthquake
2015-02-27T03:39:10.950Z,34.5959,73.3339,26.86,4.2,mb,,87,0.944,1.4,us,usc000ttik,2015-03-18T04:20:15.030Z,"20km NNE of Baffa, Pakistan",earthquake
2015-02-27T03:14:14.250Z,-3.3515,101.7089,102.42,4.5,mb,,105,1.597,0.59,us,usc000ttih,2015-03-18T04:00:22.456Z,"79km NW of Bengkulu, Indonesia",earthquake
2015-02-27T03:08:32.050Z,-3.0311,142.6217,10,4.6,mb,,78,18.474,0.62,us,usc000ttii,2015-03-18T03:48:50.429Z,"32km ENE of Aitape, Papua New Guinea",earthquake
2015-02-27T02:39:52.810Z,-32.8176,179.9147,201.47,4.4,mb,,123,4.013,0.94,us,usc000ttia,2015-03-18T03:13:49.500Z,"189km SW of L'Esperance Rock, New Zealand",earthquake
2015-02-27T02:36:02.800Z,36.4671,-97.3435,7.7,2.5,ml,,52,0.313,0.37,us,usc000ttt0,2015-03-15T02:18:31.419Z,"20km NNW of Perry, Oklahoma",earthquake
2015-02-27T02:24:48.000Z,33.61,60.69,12.1,4.4,mb,,,,1.2,us,usc000tti5,2015-03-18T02:28:36.040Z,"121km SSW of Tir Pul, Afghanistan",earthquake
2015-02-27T01:29:21.270Z,34.5484,73.307,27.37,4,mb,,67,0.896,1.26,us,usc000tti2,2015-03-18T01:35:32.797Z,"14km NNE of Baffa, Pakistan",earthquake
2015-02-27T01:04:38.690Z,34.5936,73.3801,32.59,4.2,mb,,85,0.945,0.66,us,usc000tti0,2015-03-14T00:01:22.096Z,"22km NE of Baffa, Pakistan",earthquake
2015-02-27T00:47:38.150Z,-38.0676,-93.9368,10,5.1,mb,,140,13.024,0.89,us,usc000tthz,2015-02-27T08:50:18.627Z,"West Chile Rise",earthquake
2015-02-27T00:43:45.790Z,32.2198333,-117.6913333,20.85,3.36,ml,13,299,0.6119,0.17,ci,ci37104391,2015-02-27T06:45:12.803Z,"63km WSW of Rosarito, B.C., Mexico",earthquake
2015-02-27T00:30:59.200Z,36.3923,-97.284,5,2.5,ml,,62,,0.72,us,usc000tttl,2015-02-28T00:07:45.020Z,"11km N of Perry, Oklahoma",earthquake
2015-02-27T00:13:04.044Z,41.8563,-119.6455,8.9287,3.25,ml,5,223.64,0.149,0.1394,nn,nn00484766,2015-02-28T02:36:29.789Z,"68km ESE of Lakeview, Oregon",earthquake
2015-02-27T00:04:41.000Z,68.0846,-136.4556,21.5,2.7,ml,,,,0.52,ak,ak11522089,2015-03-04T22:19:48.397Z,"97km NW of Fort McPherson, Canada",earthquake
2015-02-26T23:44:57.680Z,-5.4343,152.9848,36.89,5.1,mb,,55,1.481,0.73,us,usc000tthp,2015-02-27T05:13:08.835Z,"107km S of Taron, Papua New Guinea",earthquake
2015-02-26T23:36:09.000Z,19.222,-66.9132,49,3.3,Md,19,284.4,0.76356799,0.46,pr,pr15057002,2015-02-27T07:38:43.482Z,"80km N of Isabela, Puerto Rico",earthquake
2015-02-26T22:32:15.330Z,28.0536,131.2366,10,4.7,mb,,65,2.225,0.73,us,usc000ttgt,2015-02-27T06:34:56.703Z,"175km E of Naze, Japan",earthquake
2015-02-26T21:59:05.090Z,34.6578,73.3017,28.94,5.4,mb,,21,1.005,0.98,us,usc000ttgc,2015-03-01T17:49:29.532Z,"24km E of Batgram, Pakistan",earthquake
2015-02-26T21:47:06.000Z,51.5223,-175.9834,26.3,2.5,ml,,,,0.44,ak,ak11518537,2015-03-03T03:02:25.271Z,"61km SE of Adak, Alaska",earthquake
2015-02-26T20:44:51.000Z,59.757,-152.7586,83.5,2.8,ml,,,,0.67,ak,ak11518530,2015-03-03T03:03:39.139Z,"52km W of Anchor Point, Alaska",earthquake
2015-02-26T19:17:48.408Z,41.9131,-119.5679,7.538,3.46,ml,5,125.38,0.172,0.1661,nn,nn00484723,2015-02-27T00:25:32.732Z,"70km ESE of Lakeview, Oregon",earthquake
2015-02-26T19:15:48.910Z,35.9737,142.193,30.78,4.6,mb,,136,1.641,0.61,us,usc000ttf3,2015-02-27T03:18:21.585Z,"125km ENE of Hasaki, Japan",earthquake
2015-02-26T18:52:32.790Z,9.6585,90.326,29.47,4.4,mb,,133,3.096,1.31,us,usc000ttet,2015-02-27T02:55:13.971Z,"Nicobar Islands, India region",earthquake
2015-02-26T18:49:16.360Z,37.7675,-113.1896667,12.47,2.71,ml,21,50,0.19,0.15,uu,uu60103017,2015-02-27T17:09:38.461Z,"14km W of Enoch, Utah",earthquake
2015-02-26T18:04:54.576Z,41.9111,-119.5732,11.2121,2.94,ml,6,123.54,0.169,0.1557,nn,nn00484715,2015-02-27T02:07:24.170Z,"72km ESE of Lakeview, Oregon",earthquake
2015-02-26T16:50:02.780Z,24.6798,122.3276,101.55,4.4,mwr,,29,0.657,0.72,us,usc000tte9,2015-02-27T18:37:18.917Z,"49km E of Su'ao, Taiwan",earthquake
2015-02-26T15:57:11.000Z,65.1451,-163.972,29.7,2.8,ml,,,,0.66,ak,ak11521530,2015-03-05T20:18:20.197Z,"98km NE of Nome, Alaska",earthquake
2015-02-26T15:40:03.670Z,-30.278,-71.6807,41,4,ml,,179,0.77,1.15,us,usc000ttcp,2015-02-27T18:26:41.315Z,"48km SW of Coquimbo, Chile",earthquake
2015-02-26T15:04:16.760Z,1.4135,125.7724,108.47,4.7,mb,,51,1.716,1.26,us,usc000ttcn,2015-02-27T18:17:42.109Z,"65km E of Bitung, Indonesia",earthquake
2015-02-26T15:00:17.700Z,36.5734,-98.6809,5,2.6,ml,,126,,0.76,us,usc000ttei,2015-02-27T18:05:15.551Z,"25km S of Alva, Oklahoma",earthquake
2015-02-26T11:09:16.130Z,36.4617,-97.3326,5.79,2.8,mb_lg,,119,0.315,0.31,us,usc000ttch,2015-02-26T19:12:08.760Z,"19km NNW of Perry, Oklahoma",earthquake
2015-02-26T10:35:53.790Z,2.4722,126.7147,46.79,4.7,mb,,105,1.81,0.86,us,usc000ttce,2015-02-26T18:38:20.159Z,"165km WNW of Tobelo, Indonesia",earthquake
2015-02-26T09:45:39.420Z,50.0835,-175.8591,35,5.4,mb,,92,2.365,1.06,us,usc000ttcc,2015-03-05T20:17:30.002Z,"207km SSE of Adak, Alaska",earthquake
2015-02-26T09:33:16.000Z,57.8629,-156.2784,133.2,3.3,ml,,,,0.75,ak,ak11518323,2015-03-03T03:03:03.519Z,"94km SSE of King Salmon, Alaska",earthquake
2015-02-26T08:54:09.900Z,19.4325,-155.6183,3,2.6,Ml,,75.6,0.02694946,0.11,hv,hv60860096,2015-02-26T18:29:08.292Z,"26km E of Honaunau-Napoopoo, Hawaii",earthquake
2015-02-26T08:48:28.090Z,37.7091667,-77.8676667,7.9,2.54,md,8,83,0.2542,0.17,se,se60004908,2015-03-05T17:39:38.279Z,"3km NNE of Goochland, Virginia",earthquake
2015-02-26T08:28:56.000Z,52.6805,-164.4031,62.4,3,ml,,,,0.73,ak,ak11518314,2015-03-03T03:03:21.458Z,"185km SSE of Akutan, Alaska",earthquake
2015-02-26T08:10:22.500Z,19.4235,-155.6123,2.5,2.9,Ml,,68.4,0.02694946,0.16,hv,hv60860081,2015-02-26T18:02:39.597Z,"26km E of Honaunau-Napoopoo, Hawaii",earthquake
2015-02-26T07:32:52.450Z,36.3936,-97.2915,2.91,2.9,mb_lg,,40,0.373,0.43,us,usc000ttbp,2015-02-26T09:01:14.012Z,"11km N of Perry, Oklahoma",earthquake
2015-02-26T07:27:09.240Z,-31.922,179.7801,354.49,4.3,mb,,105,6.689,0.92,us,usc000ttc0,2015-03-18T13:34:02.583Z,"136km WSW of L'Esperance Rock, New Zealand",earthquake
2015-02-26T07:26:37.870Z,43.5642,149.0238,60.05,4.6,mb,,189,4.586,0.43,us,usc000ttbr,2015-03-18T13:25:45.091Z,"187km E of Shikotan, Russia",earthquake
2015-02-26T07:12:48.050Z,-7.045,129.7976,126.43,4.4,mb,,88,1.755,0.57,us,usc000ttbi,2015-03-18T13:15:27.964Z,"195km WNW of Saumlaki, Indonesia",earthquake
2015-02-26T06:26:56.540Z,-20.0527,-173.7968,35,5.2,mb,,41,17.293,0.88,us,usc000ttbc,2015-02-26T14:29:25.653Z,"64km ESE of Pangai, Tonga",earthquake
2015-02-26T04:28:40.420Z,-6.3131,148.9863,88.97,4.2,mb,,118,3.564,0.93,us,usc000tumh,2015-03-12T23:58:03.654Z,"63km W of Kandrian, Papua New Guinea",earthquake
2015-02-26T04:20:13.000Z,57.13,-154.2003,48.7,3.1,ml,,,,0.51,ak,ak11518274,2015-03-12T23:53:30.911Z,"47km SSW of Larsen Bay, Alaska",earthquake
2015-02-26T03:49:39.880Z,56.8446,112.9603,17.6,4.2,mb,,148,7.514,0.64,us,usc000ttav,2015-03-12T23:50:28.836Z,"82km NNW of Severomuysk, Russia",earthquake
2015-02-26T03:28:47.000Z,51.507,-179.3082,64.2,3.9,ml,,,,1.09,us,usc000tujk,2015-03-12T23:39:15.155Z,"30km NNW of Amatignak Island, Alaska",earthquake
2015-02-26T02:14:54.280Z,44.8185,146.5968,152.56,4.3,mb,,123,2.95,0.34,us,usc000ttal,2015-03-12T03:19:15.940Z,"101km NE of Otrada, Russia",earthquake
2015-02-26T02:11:57.000Z,57.0463,-157.0736,6,2.5,ml,,,,0.5,ak,ak11518245,2015-03-12T02:54:11.918Z,"135km NE of Chignik Lake, Alaska",earthquake
2015-02-26T02:05:08.470Z,34.6771,-36.6833,15.05,4.6,mb,,101,25.338,0.33,us,usc000tulw,2015-03-12T02:50:59.358Z,"Northern Mid-Atlantic Ridge",earthquake
2015-02-26T01:18:37.470Z,33.9376667,-116.0285,3.99,3.67,ml,95,47,0.06764,0.18,ci,ci37103367,2015-03-12T02:40:42.007Z,"23km S of Twentynine Palms, California",earthquake
2015-02-26T01:11:23.850Z,38.4793,142.0463,52.75,5,mwr,,74,1.162,0.34,us,usc000ttaf,2015-03-11T05:44:03.781Z,"65km E of Ishinomaki, Japan",earthquake
2015-02-26T00:23:38.620Z,40.5335,-125.6893333,10.13,3.02,ml,36,261,1.032,0.29,nc,nc72401740,2015-02-27T04:40:03.855Z,"120km W of Ferndale, California",earthquake
2015-02-26T00:10:47.820Z,8.2411,-72.1055,10,4.6,mb,,59,1.589,0.77,us,usc000tta3,2015-02-26T12:46:57.289Z,"5km WSW of Umuquena, Venezuela",earthquake
2015-02-25T23:52:45.510Z,31.042,141.8035,22.12,4.4,mb,,122,3.946,0.54,us,usc000tta8,2015-03-14T04:23:05.106Z,"294km SE of Hachijo-jima, Japan",earthquake
2015-02-25T23:20:23.150Z,31.1579,141.897,10,4.4,mb,,142,2.632,0.47,us,usc000tt9z,2015-03-14T03:23:02.127Z,"291km SE of Hachijo-jima, Japan",earthquake
2015-02-25T22:55:07.500Z,49,-2.4,2,3.7,ml,,,,1.22,us,usc000tt9q,2015-03-02T14:45:03.277Z,"30km SW of Saint Helier, Jersey",earthquake
2015-02-25T21:44:35.870Z,-5.0161,102.8245,56.15,4.1,mb,,166,0.664,0.44,us,usc000ttp7,2015-03-14T03:10:36.173Z,"104km W of Kuripan, Indonesia",earthquake
2015-02-25T19:36:56.140Z,-18.726,-174.9572,44.92,5,mb,,83,4.774,0.74,us,usc000tt6u,2015-02-26T03:39:33.298Z,"103km W of Neiafu, Tonga",earthquake
2015-02-25T19:33:06.680Z,-36.4384,177.4103,3.88,5.1,mwr,,171,2.818,0.96,us,usc000tt6i,2015-02-26T16:04:16.304Z,"153km ENE of Tairua, New Zealand",earthquake
2015-02-25T19:09:04.470Z,-17.7876,-178.6278,582.08,4.4,mb,,130,3.163,0.76,us,usc000tt6d,2015-02-26T03:11:41.706Z,"260km SE of Lambasa, Fiji",earthquake
2015-02-25T17:58:06.630Z,36.2448,-97.6138,5,3.1,mb_lg,,36,0.395,0.42,us,usc000tt5l,2015-02-25T18:21:53.563Z,"25km E of Waukomis, Oklahoma",earthquake
2015-02-25T17:30:38.200Z,36.9467,-97.6276,7.001,3,ml,,66,,0.63,us,usc000tt5g,2015-02-26T01:33:05.108Z,"9km S of Caldwell, Kansas",earthquake
2015-02-25T17:07:33.990Z,40.2633333,-121.7565,9.26,2.76,md,28,47,0.04682,0.07,nc,nc72401560,2015-02-26T05:21:06.839Z,"27km SSE of Shingletown, California",earthquake
2015-02-25T15:25:25.020Z,-15.2201,-173.7608,35,4,mb,,111,5.304,0.63,us,usc000ttpe,2015-03-06T06:21:03.836Z,"80km N of Hihifo, Tonga",earthquake
2015-02-25T14:55:57.430Z,-31.154,-68.9008,110.25,4.6,mb,,85,0.432,0.84,us,usc000tt3l,2015-02-25T16:50:07.682Z,"46km NNW of Zonda, Argentina",earthquake
2015-02-25T14:12:19.300Z,40.1813,77.4892,42.32,4.3,mb,,131,3.33,0.52,us,usc000tt3j,2015-02-25T22:14:50.616Z,"129km ENE of Arzak, China",earthquake
2015-02-25T13:55:50.900Z,17.9223,-65.4055,15,2.5,Md,4,280.8,0.22188388,0.17,pr,pr15056001,2015-02-25T21:58:20.571Z,"20km SSE of Esperanza, Puerto Rico",earthquake
2015-02-25T13:54:25.000Z,51.3237,-173.8712,16.7,3.2,ml,,,,0.6,ak,ak11521337,2015-03-02T23:34:27.264Z,"99km SSE of Atka, Alaska",earthquake
2015-02-25T13:48:31.080Z,-40.0948,-16.3749,10,5,mb,,71,32.38,1.02,us,usc000tt3i,2015-02-25T21:50:58.339Z,"Southern Mid-Atlantic Ridge",earthquake
2015-02-25T13:39:16.000Z,51.8737,176.7392,119.8,3.4,ml,,,,0.37,ak,ak11521336,2015-03-02T23:32:36.565Z,"64km WSW of Kiska Volcano, Alaska",earthquake
2015-02-25T13:07:53.000Z,35.8131,-97.4431,5.197,2.6,ml,,69,,0.69,us,usc000tt96,2015-03-03T19:09:52.005Z,"7km SSW of Guthrie, Oklahoma",earthquake
2015-02-25T12:50:49.434Z,41.8687,-119.6441,6.5673,2.79,ml,5,122.18,0.141,0.2394,nn,nn00484547,2015-02-28T00:24:40.200Z,"68km ESE of Lakeview, Oregon",earthquake
2015-02-25T12:29:53.270Z,-45.3036,166.6563,10,4.3,mb,,94,0.385,0.77,us,usc000tt3a,2015-02-25T20:32:27.346Z,"84km W of Te Anau, New Zealand",earthquake
2015-02-25T12:20:22.100Z,18.179,-67.6094,22,2.8,Md,6,320.4,0.5758201,0.23,pr,pr15056002,2015-03-01T08:00:20.449Z,"41km WSW of Rincon, Puerto Rico",earthquake
2015-02-25T12:14:46.000Z,60.1048,-160.1735,2.5,2.7,ml,,,,0.68,ak,ak11521330,2015-03-02T23:34:04.358Z,"115km SE of Bethel, Alaska",earthquake
2015-02-25T12:12:46.000Z,41.0376667,-125.1425,24.24,2.64,md,30,268,0.8543,0.11,nc,nc72401465,2015-02-26T07:38:02.212Z,"85km WNW of Bayview, California",earthquake
2015-02-25T11:39:14.000Z,19.4172,-68.858,133,3.8,Md,8,334.8,1.90263177,0.11,pr,pr15056000,2015-02-25T19:41:47.940Z,"51km NNE of Miches, Dominican Republic",earthquake
2015-02-25T10:32:03.010Z,39.3916,143.248,10,4.9,mb,,135,2.416,0.95,us,usc000tt30,2015-02-25T12:48:53.924Z,"112km E of Yamada, Japan",earthquake
2015-02-25T10:14:11.000Z,65.5414,-152.4718,13.6,2.7,ml,,,,0.84,ak,ak11517537,2015-03-02T23:32:16.632Z,"45km NNW of Tanana, Alaska",earthquake
2015-02-25T10:05:11.069Z,41.9097,-119.5667,4.9163,2.82,ml,5,217.06,0.174,0.1761,nn,nn00484553,2015-02-26T20:34:52.270Z,"75km ESE of Lakeview, Oregon",earthquake
2015-02-25T09:38:48.000Z,63.1942,-150.4368,122,4.1,ml,,,,0.64,ak,ak11517499,2015-03-05T20:18:02.487Z,"80km WSW of Cantwell, Alaska",earthquake
2015-02-25T09:18:09.000Z,52.2648,-171.5935,80.4,3,ml,,,,0.83,ak,ak11517496,2015-03-02T23:32:54.726Z,"33km SW of Amukta Island, Alaska",earthquake
2015-02-25T08:34:45.920Z,31.5021,50.8113,10,4.6,mb,,72,8.078,1.14,us,usc000tt19,2015-02-25T16:37:17.637Z,"68km SW of Borujen, Iran",earthquake
2015-02-25T08:29:32.090Z,1.3678,97.1464,37.63,4.9,mb,,170,0.433,0.74,us,usc000tt18,2015-02-25T16:32:02.124Z,"149km SE of Sinabang, Indonesia",earthquake
2015-02-25T08:00:33.290Z,51.5447,-176.8705,69.03,4.6,mb,,129,1.782,1.32,us,usc000tt14,2015-03-05T20:16:51.131Z,"40km SSW of Adak, Alaska",earthquake
2015-02-25T07:01:01.070Z,31.0951,141.8351,9,5.9,mwb,,34,2.645,1.33,us,usc000tt0x,2015-02-25T18:08:27.000Z,"292km SE of Hachijo-jima, Japan",earthquake
2015-02-25T06:39:55.000Z,51.6253,177.8799,50.5,2.9,ml,,,,0.29,ak,ak11521301,2015-03-02T23:33:12.250Z,"56km SSE of Kiska Volcano, Alaska",earthquake
2015-02-25T06:16:49.000Z,52.4813,-163.9369,25.5,2.8,ml,,,,0.84,ak,ak11517411,2015-03-02T23:31:03.136Z,"221km SE of Akutan, Alaska",earthquake
2015-02-25T06:06:19.700Z,19.1423,-155.4515,47.9,2.8,md,,172.799986176001,0.01796631,0.35,hv,hv60859416,2015-02-25T06:10:15.847Z,"7km SSE of Pahala, Hawaii",earthquake
2015-02-25T05:37:36.300Z,19.4123,-155.2823,9.6,2.5,Md,,46.8,0.02694946,0.18,hv,hv60859331,2015-02-25T13:40:04.196Z,"5km WSW of Volcano, Hawaii",earthquake
2015-02-25T04:17:03.000Z,63.1604,-149.8226,86.2,2.5,ml,,,,0.42,ak,ak11517395,2015-03-11T01:10:47.040Z,"50km WSW of Cantwell, Alaska",earthquake
2015-02-25T03:50:50.000Z,56.8641,-148.084,1.8,2.8,ml,,,,0.27,ak,ak11521284,2015-03-11T01:06:18.040Z,"280km ESE of Kodiak, Alaska",earthquake
2015-02-25T03:42:34.100Z,31.8371,140.7755,58.37,4.6,mb,,62,1.511,0.54,us,usc000tt01,2015-03-11T01:01:41.409Z,"165km SSE of Hachijo-jima, Japan",earthquake
2015-02-25T03:23:02.150Z,36.5685,-121.0843333,9.36,2.6,md,83,55,0.03739,0.1,nc,nc72401145,2015-02-26T02:30:02.630Z,"26km NE of Soledad, California",earthquake
2015-02-25T03:02:39.670Z,1.7463,126.3714,35.86,5.3,mb,,33,1.388,0.52,us,usc000tszv,2015-03-10T22:57:26.523Z,"136km ENE of Bitung, Indonesia",earthquake
2015-02-25T02:55:51.100Z,36.8663,-98.2903,4.342,2.8,ml,,161,,0.64,us,usc000tt5d,2015-03-09T03:56:41.680Z,"13km NNE of Cherokee, Oklahoma",earthquake
2015-02-25T02:33:15.400Z,36.2321,-97.5737,3.084,2.5,ml,,53,,0.41,us,usc000tt7r,2015-03-09T03:55:38.364Z,"26km WSW of Perry, Oklahoma",earthquake
2015-02-25T02:19:27.380Z,44.3992,148.6808,60.13,4.6,mb,,105,4.382,0.77,us,usc000tszl,2015-03-06T05:48:00.816Z,"112km SE of Kuril'sk, Russia",earthquake
2015-02-25T02:08:22.400Z,36.8681,-98.2988,5,3.3,ml,,119,,0.81,us,usc000tszi,2015-03-09T03:54:43.483Z,"13km NNE of Cherokee, Oklahoma",earthquake
2015-02-25T02:02:16.000Z,51.0975,-179.177,29.5,2.8,ml,,,,0.49,us,usc000tuhs,2015-03-06T05:44:47.298Z,"18km SSW of Amatignak Island, Alaska",earthquake
2015-02-25T01:31:41.500Z,6.0816,119.8398,9,5.7,mww,,27,1.609,0.93,us,usc000tszg,2015-03-06T05:47:07.066Z,"81km WSW of Pandan Niog, Philippines",earthquake
2015-02-25T00:07:33.740Z,31.9136,140.7792,60.23,4.2,mb,,187,1.449,1.22,us,usc000tsz1,2015-03-06T04:51:18.897Z,"159km SE of Hachijo-jima, Japan",earthquake
2015-02-24T23:54:33.000Z,51.938,179.5425,4.8,2.9,ml,,,,0.43,us,usc000tv2v,2015-03-06T02:46:22.305Z,"4km WSW of Semisopochnoi Island, Alaska",earthquake
2015-02-24T23:43:18.140Z,-10.3658,23.4785,10,5.1,mb,,78,6.702,1.26,us,usc000tsyj,2015-03-06T02:42:31.095Z,"142km ENE of Luau, Angola",earthquake
2015-02-24T23:28:02.050Z,40.8431667,-124.83,21.71,3.04,ml,78,220,0.5246,0.12,nc,nc72401005,2015-03-09T01:48:11.040Z,"55km WNW of Humboldt Hill, California",earthquake
2015-02-24T22:34:59.370Z,18.9494,145.465,226.49,4.2,mb,,124,3.7,0.8,us,usc000ttnn,2015-03-14T02:58:43.591Z,"29km NW of Agrihan, Northern Mariana Islands",earthquake
2015-02-24T22:25:59.000Z,54.9471,-158.2268,29.9,2.9,ml,,,,0.74,us,usc000tv36,2015-03-14T02:08:53.132Z,"87km ENE of Chernabura Island, Alaska",earthquake
2015-02-24T21:58:56.000Z,65.5749,-152.4557,14.5,2.5,ml,,,,0.71,ak,ak11517245,2015-03-14T01:01:10.303Z,"48km NNW of Tanana, Alaska",earthquake
2015-02-24T21:31:41.900Z,18.8339,-65.139,54,3.3,Md,12,298.8,0.5407858,0.25,pr,pr15055010,2015-03-12T05:21:43.037Z,"58km NNW of Charlotte Amalie, U.S. Virgin Islands",earthquake
2015-02-24T20:49:46.800Z,-0.1874,122.9528,103.4,4.7,mb,,48,0.867,1,us,usc000tsw3,2015-02-25T19:45:38.540Z,"69km SSW of Bilungala, Indonesia",earthquake
2015-02-24T20:03:33.000Z,55.1031,-158.4387,13.2,2.7,ml,,,,0.38,ak,ak11522334,2015-03-04T23:34:14.240Z,"79km ENE of Chernabura Island, Alaska",earthquake
2015-02-24T19:28:48.920Z,36.8312,71.169,182.3,4.4,mb,,103,0.558,1.08,us,usc000tsuw,2015-02-25T17:14:28.278Z,"30km E of Jarm, Afghanistan",earthquake
2015-02-24T19:11:40.830Z,-35.4473,-70.2636,169.66,4.3,mb,,90,0.779,0.79,us,usc000tsup,2015-02-25T16:39:43.368Z,"61km W of Malargue, Argentina",earthquake
2015-02-24T18:30:10.200Z,36.6005,-97.622,7.067,3.4,ml,,72,,0.57,us,usc000tsu7,2015-02-25T16:22:46.380Z,"24km SSE of Medford, Oklahoma",earthquake
2015-02-24T18:29:25.000Z,57.0457,-149.3683,10,2.6,ml,,,,0.54,ak,ak11517032,2015-03-05T03:58:47.299Z,"200km ESE of Kodiak, Alaska",earthquake
2015-02-24T16:36:44.020Z,-18.9044,169.2231,248.25,4.7,mb,,81,3.943,0.65,us,usc000tstj,2015-02-25T00:39:22.439Z,"71km N of Isangel, Vanuatu",earthquake
2015-02-24T14:30:24.610Z,36.5187,70.6804,200.1,4.5,mb,,72,2.382,0.73,us,usc000tsrr,2015-02-24T22:33:00.819Z,"40km SSW of Jarm, Afghanistan",earthquake
2015-02-24T13:11:24.190Z,13.0136,51.1426,10,4.9,mb,,105,2.818,0.9,us,usc000tsrk,2015-02-24T21:13:59.888Z,"126km N of Bereeda, Somalia",earthquake
2015-02-24T11:35:17.600Z,19.1807,-67.1187,85,2.9,Md,5,306,0.70966907,0.02,pr,pr15055008,2015-02-24T19:37:54.564Z,"75km N of Isabela, Puerto Rico",earthquake
2015-02-24T10:23:01.050Z,12.9831,51.0677,10,5,mb,,96,2.885,0.68,us,usc000tspj,2015-02-24T18:25:32.265Z,"123km N of Bereeda, Somalia",earthquake
2015-02-24T09:14:24.000Z,52.6388,-171.1445,143.6,2.5,ml,,,,0.52,ak,ak11522289,2015-03-05T03:58:33.508Z,"18km NNE of Amukta Island, Alaska",earthquake
2015-02-24T09:02:31.230Z,19.4156,-78.4014,10,4.2,mb,,89,1.319,1.31,us,usc000tspb,2015-02-24T17:05:01.997Z,"109km NNW of Lucea, Jamaica",earthquake
2015-02-24T08:39:35.690Z,58.2426,-138.0198,1,2.6,ml,,,,1.09,us,usc000tv2a,2015-03-14T13:25:03.896Z,"135km W of Gustavus, Alaska",earthquake
2015-02-24T08:28:11.000Z,18.2553,-67.8328,117,3,Md,7,331.2,0.71416065,0.21,pr,pr15055007,2015-03-14T13:04:48.030Z,"62km W of Rincon, Puerto Rico",earthquake
2015-02-24T08:04:27.930Z,34.3206,73.6631,59.79,3.7,mb,,92,0.744,0.63,us,usc000tsmy,2015-03-14T11:20:09.032Z,"18km ESE of Muzaffarabad, Pakistan",earthquake
2015-02-24T07:58:30.020Z,51.7299,178.195,117.9,3.3,ml,,,,0.33,us,usc000ttmy,2015-03-14T10:34:21.728Z,"32km SW of Little Sitkin Island, Alaska",earthquake
2015-02-24T07:51:09.000Z,60.4582,-149.0581,19.2,2.6,ml,,,,0.64,ak,ak11516694,2015-03-14T10:27:06.379Z,"37km NNE of Bear Creek, Alaska",earthquake
2015-02-24T07:50:48.400Z,36.5124,-99.0105,0.88,2.5,ml,,233,,0.68,us,usc000tsv3,2015-03-14T11:22:31.505Z,"19km ENE of Mooreland, Oklahoma",earthquake
2015-02-24T07:25:12.420Z,24.8287,125.365,47.6,4.6,mb,,116,2.171,0.78,us,usc000tsmk,2015-03-14T09:33:04.861Z,"8km ENE of Hirara, Japan",earthquake
2015-02-24T06:54:49.660Z,1.0323,-26.0519,10,5.1,mb,,105,14.058,1.46,us,usc000tsm5,2015-02-24T14:57:22.659Z,"Central Mid-Atlantic Ridge",earthquake
2015-02-24T06:31:00.300Z,17.9941,-68.2119,43,3.2,Md,6,331.2,1.08606318,0.2,pr,pr15055006,2015-02-24T14:33:34.390Z,"59km SE of Boca de Yuma, Dominican Republic",earthquake
2015-02-24T06:28:43.000Z,63.1227,-150.4534,108.9,3.2,ml,,,,0.59,ak,ak11516648,2015-03-04T23:32:06.353Z,"81km WSW of Cantwell, Alaska",earthquake
2015-02-24T06:23:06.450Z,-5.6073,147.1871,184.62,4.7,mb,,44,3.772,0.85,us,usc000tslx,2015-02-24T07:02:02.521Z,"125km N of Lae, Papua New Guinea",earthquake
2015-02-24T05:14:02.000Z,-32.628,-71.706,60.2,4.9,mb,,,,0.75,us,usc000tslh,2015-02-27T01:30:37.174Z,"46km NNW of Vina del Mar, Chile",earthquake
2015-02-24T05:13:50.620Z,-22.773,-66.6946,191.56,5.4,mb,,44,2.053,1.15,us,usc000tsli,2015-02-24T16:36:45.000Z,"102km W of Abra Pampa, Argentina",earthquake
2015-02-24T05:04:41.700Z,19.528,-65.8078,8,2.7,Md,8,298.8,1.24955656,0.31,pr,pr15055005,2015-02-24T13:07:21.574Z,"121km N of Loiza, Puerto Rico",earthquake
2015-02-24T04:50:48.600Z,36.5218,-97.0664,6.352,2.8,ml,,74,,0.19,us,usc000tsu3,2015-03-10T22:39:01.103Z,"17km S of McCord, Oklahoma",earthquake
2015-02-24T04:29:58.000Z,6.842,-73.117,152.5,4.4,mb,,,,0.51,us,usc000tsl9,2015-03-05T01:07:31.361Z,"16km E of Zapatoca, Colombia",earthquake
2015-02-24T04:28:51.130Z,-27.802,-71.4619,48.95,4.4,mb,,143,0.512,0.8,us,usc000tsl8,2015-03-04T02:26:31.040Z,"109km NW of Vallenar, Chile",earthquake
2015-02-24T04:23:33.230Z,-5.8885,149.8401,103.33,4.1,mb,,89,2.863,0.7,us,usc000ttn1,2015-03-10T22:35:06.065Z,"48km NE of Kandrian, Papua New Guinea",earthquake
2015-02-24T03:33:35.630Z,-16.704,-72.9355,101.87,4,mb,,143,2.978,0.8,us,usc000tuth,2015-03-04T01:07:45.040Z,"25km WSW of Camana, Peru",earthquake
2015-02-24T03:23:53.000Z,59.6709,-152.1661,63.8,3.4,ml,,,,0.66,ak,ak11516597,2015-03-09T02:56:53.040Z,"22km WSW of Anchor Point, Alaska",earthquake
2015-02-24T03:13:02.180Z,-21.072,-179.0166,614.06,4.7,mb,,52,4.313,0.38,us,usc000tskx,2015-03-09T02:21:26.103Z,"57km SW of Ndoi Island, Fiji",earthquake
2015-02-24T03:03:14.900Z,13.531,-88.6031,183.24,4.3,mb,,148,0.63,0.39,us,usc000tskr,2015-03-09T01:52:28.517Z,"8km WNW of Berlin, El Salvador",earthquake
2015-02-24T02:59:59.900Z,19.1994,-65.2626,42,3.1,Md,3,327.6,0.88573887,0.31,pr,pr15055004,2015-03-12T00:32:40.374Z,"99km N of Culebra, Puerto Rico",earthquake
2015-02-24T02:58:52.010Z,-13.4385,167.0392,115.6,4.7,mb,,153,2.003,0.78,us,usc000tskq,2015-03-06T06:37:12.599Z,"74km NW of Sola, Vanuatu",earthquake
2015-02-24T02:53:39.300Z,35.9524,-96.7739,4.39,2.6,ml,,53,,0.41,us,usc000tsku,2015-03-09T01:41:50.837Z,"3km S of Cushing, Oklahoma",earthquake
2015-02-24T02:50:31.840Z,31.155,141.548,36.85,4.5,mb,,119,2.446,0.75,us,usc000ttna,2015-03-06T06:27:47.107Z,"270km SE of Hachijo-jima, Japan",earthquake
2015-02-24T02:45:23.530Z,-29.3163,-176.5103,63.79,4.2,mb,,143,1.241,0.51,us,usc000ttn7,2015-03-06T03:08:53.196Z,"135km E of Raoul Island, New Zealand",earthquake
2015-02-24T02:34:33.000Z,56.1001,-156.2514,41.1,3.5,ml,,,,0.71,ak,ak11516564,2015-03-09T01:40:12.040Z,"49km NW of Chirikof Island, Alaska",earthquake
2015-02-24T02:28:54.090Z,39.6555,143.1927,20,5.8,mww,,19,2.234,0.46,us,usc000tski,2015-03-05T00:10:01.199Z,"106km E of Miyako, Japan",earthquake
2015-02-24T02:19:22.000Z,53.1891,-170.758,243.3,2.6,ml,,,,0.54,us,usc000tv28,2015-03-06T02:57:16.011Z,"62km N of Yunaska Island, Alaska",earthquake
2015-02-24T02:02:03.300Z,19.065,-65.0757,30,2.9,Md,5,280.8,0.77704272,0.2,pr,pr15055003,2015-03-06T02:54:19.040Z,"81km N of Charlotte Amalie, U.S. Virgin Islands",earthquake
2015-02-24T01:42:34.000Z,19.0431,-65.1735,29,2.6,Md,3,327.6,0.73751685,0.18,pr,pr15055001,2015-03-05T05:07:13.040Z,"81km NNW of Charlotte Amalie, U.S. Virgin Islands",earthquake
2015-02-24T01:42:23.010Z,39.6404,143.19,32.21,4.4,mb,,179,2.24,0.31,us,usc000tskb,2015-03-05T05:06:11.987Z,"106km E of Miyako, Japan",earthquake
2015-02-24T01:31:51.370Z,-54.1002,-136.1222,15.14,4.9,mb,,64,35.601,0.72,us,usc000ttn6,2015-03-05T02:38:46.887Z,"Pacific-Antarctic Ridge",earthquake
2015-02-24T01:19:31.700Z,19.0027,-65.0578,33,2.9,Md,3,273.6,0.7168556,0.25,pr,pr15055002,2015-03-05T00:36:26.040Z,"74km N of Charlotte Amalie, U.S. Virgin Islands",earthquake
2015-02-24T00:52:07.120Z,31.7132,104.1625,10,4.2,mb,,57,4.624,1.13,us,usc000tsk7,2015-03-14T03:03:35.747Z,"26km WNW of Yongchang, China",earthquake
2015-02-24T00:52:03.880Z,51.653,179.992,78,3,ml,,,,0.14,us,usc000tv2m,2015-03-14T05:39:04.260Z,"42km SE of Semisopochnoi Island, Alaska",earthquake
2015-02-24T00:39:06.680Z,-15.3592,167.6963,35.5,4.1,mb,,206,0.483,0.71,us,usc000ttmz,2015-03-16T22:59:21.639Z,"60km ENE of Luganville, Vanuatu",earthquake
2015-02-24T00:26:59.000Z,18.2929,-64.6019,103,2.5,Md,4,201.6,0.12396751,0.07,pr,pr15055000,2015-03-15T02:59:24.071Z,"13km S of Road Town, British Virgin Islands",earthquake
2015-02-24T00:19:01.120Z,26.1761,128.7516,28.09,4.3,mb,,121,0.785,0.41,us,usc000ttn3,2015-03-14T05:45:58.366Z,"89km ESE of Nago, Japan",earthquake
2015-02-23T23:39:02.745Z,41.8927,-119.6429,11.969,2.5,ml,4,128.57,0.128,0.0842,nn,nn00484355,2015-03-14T02:48:55.433Z,"66km ESE of Lakeview, Oregon",earthquake
2015-02-23T23:21:59.390Z,-3.1389,129.4084,129.4,4.1,mb,,102,2.845,1.45,us,usc000tte3,2015-03-16T23:24:20.799Z,"58km ENE of Amahai, Indonesia",earthquake
2015-02-23T23:14:12.520Z,16.2983,120.643,47.18,4.5,mb,,130,1.259,0.65,us,usc000tsk2,2015-03-14T02:42:48.090Z,"8km SSW of Itogon, Philippines",earthquake
2015-02-23T23:13:36.630Z,-3.0007,128.7911,49.8,4.1,mb,,100,3.255,1.06,us,usc000ttdn,2015-03-16T22:42:05.732Z,"38km ESE of Taniwel, Indonesia",earthquake
2015-02-23T22:47:09.500Z,18.5839,-66.0445,73,2.8,Md,7,234,0.3584278,0.11,pr,pr15054014,2015-03-06T02:38:45.040Z,"14km NNE of San Juan, Puerto Rico",earthquake
2015-02-23T22:01:17.510Z,18.8953,145.5913,227.74,4.1,mb,,142,3.639,1.15,us,usc000ttdz,2015-03-06T02:29:02.299Z,"16km NNW of Agrihan, Northern Mariana Islands",earthquake
2015-02-23T21:28:23.000Z,51.8504,178.469,109.3,2.5,ml,,,,0.35,ak,ak11516454,2015-03-05T03:59:07.655Z,"11km SSW of Little Sitkin Island, Alaska",earthquake
2015-02-23T21:06:51.000Z,58.4692,-156.0823,176.9,2.6,ml,,,,0.47,ak,ak11521454,2015-03-09T01:46:27.040Z,"41km SE of King Salmon, Alaska",earthquake
2015-02-23T19:07:32.940Z,-7.3371,128.5372,158.41,4.1,mb,,63,2.811,0.67,us,usc000tshs,2015-02-24T03:10:01.793Z,"Kepulauan Barat Daya, Indonesia",earthquake
2015-02-23T19:05:14.480Z,27.8398,139.4606,510.87,4.2,mb,,69,2.531,0.55,us,usc000tshr,2015-02-24T03:07:47.884Z,"285km WNW of Chichi-shima, Japan",earthquake
2015-02-23T18:28:20.440Z,-60.0548,-26.3816,68.65,4.7,mb,,107,7.97,0.5,us,usc000tshm,2015-02-24T02:31:20.082Z,"114km S of Bristol Island, South Sandwich Islands",earthquake
2015-02-23T17:05:23.110Z,36.9198,-97.6328,5,2.8,mb_lg,,43,0.155,0.53,us,usc000tsh5,2015-02-23T17:56:12.927Z,"12km S of Caldwell, Kansas",earthquake
2015-02-23T16:21:34.390Z,5.9829,126.3228,95.04,4.6,mb,,44,5.28,1.01,us,usc000tsgx,2015-02-24T00:24:29.211Z,"44km SSE of Pondaguitan, Philippines",earthquake
2015-02-23T16:16:30.350Z,39.0573,-2.6652,12.9,5,mb,,18,0.964,0.79,us,usc000tsgt,2015-03-02T13:04:30.914Z,"12km NE of Ossa de Montiel, Spain",earthquake
2015-02-23T15:34:39.700Z,18.83,-64.463,23,2.6,Md,3,320.4,0.43568291,0.14,pr,pr15054013,2015-02-25T17:14:49.040Z,"48km NNE of Road Town, British Virgin Islands",earthquake
2015-02-23T14:50:33.900Z,36.314,-97.504,5.8,2.7,ml,,,,0.23,us,usc000tt5b,2015-02-25T17:09:43.693Z,"19km W of Perry, Oklahoma",earthquake
2015-02-23T14:42:11.700Z,18.3715,-67.4824,100,3,Md,7,298.8,0.36381769,0.54,pr,pr15054012,2015-02-23T17:38:50.040Z,"24km W of Rincon, Puerto Rico",earthquake
2015-02-23T14:27:19.000Z,58.0503,-153.3075,46.9,3.5,ml,,,,0.59,ak,ak11516119,2015-03-05T03:58:07.016Z,"52km NW of Kodiak Station, Alaska",earthquake
2015-02-23T12:42:03.750Z,13.0087,51.0839,10,4.8,mb,,105,2.874,0.75,us,usc000tsg2,2015-03-14T08:32:17.000Z,"125km N of Bereeda, Somalia",earthquake
2015-02-23T12:04:13.440Z,48.969,-124.9945,30.75,2.5,md,,174,1.058,0.76,us,usc000tshu,2015-03-14T06:44:00.101Z,"33km SSW of Port Alberni, Canada",earthquake
2015-02-23T11:57:44.000Z,53.2689,-166.662,53.3,3.7,ml,,,,0.64,us,usc000tuin,2015-03-14T06:38:13.903Z,"67km S of Unalaska, Alaska",earthquake
2015-02-23T11:47:11.110Z,50.7018,-129.8916,10,4,mb,,201,1.855,0.65,us,usc000tsg1,2015-03-13T10:58:35.004Z,"174km W of Port Hardy, Canada",earthquake
2015-02-23T10:25:07.130Z,-36.5858,177.1141,10,5.2,mb,,124,2.622,1.17,us,usc000tsfu,2015-02-24T17:18:21.000Z,"122km ENE of Tairua, New Zealand",earthquake
2015-02-23T09:45:15.400Z,19.3362,-155.1243,6.6,2.5,Ml,,129.6,0.04491576,0.11,hv,hv60857661,2015-02-23T18:29:52.098Z,"15km SE of Volcano, Hawaii",earthquake
2015-02-23T09:09:43.595Z,41.8576,-119.6395,5.9992,2.73,ml,5,121.95,0.151,0.1621,nn,nn00484242,2015-02-23T20:00:24.780Z,"68km ESE of Lakeview, Oregon",earthquake
2015-02-23T09:05:37.720Z,-5.6483,152.747,31.63,4.9,mb,,90,1.559,0.66,us,usc000tsfg,2015-02-23T17:08:06.345Z,"134km SSW of Taron, Papua New Guinea",earthquake
2015-02-23T09:04:21.000Z,61.7401,-151.7424,90.8,2.9,ml,,,,0.51,ak,ak11515981,2015-03-03T00:40:30.702Z,"90km W of Willow, Alaska",earthquake
2015-02-23T08:00:08.120Z,35.4864,140.3069,35,4.6,mb,,115,0.748,1.1,us,usc000tsf4,2015-02-24T19:51:18.572Z,"3km SSW of Oami, Japan",earthquake
2015-02-23T07:28:39.700Z,19.1567,-64.418,12,3,Md,6,313.2,0.75907642,0.46,pr,pr15054011,2015-02-23T15:31:12.738Z,"84km NNE of Road Town, British Virgin Islands",earthquake
2015-02-23T06:32:07.990Z,10.8466,92.0438,29.81,4.5,mb,,120,1.057,1.05,us,usc000tses,2015-02-23T14:34:42.018Z,"119km SW of Port Blair, India",earthquake
2015-02-23T04:33:15.000Z,62.4494,-151.0857,89.5,2.6,ml,,,,0.42,ak,ak11515924,2015-03-06T01:25:01.040Z,"52km WNW of Talkeetna, Alaska",earthquake
2015-02-23T04:03:04.900Z,19.0977,-64.2482,24,2.7,Md,3,334.8,0.76177136,0.18,pr,pr15054009,2015-03-06T01:19:33.040Z,"84km NNE of Road Town, British Virgin Islands",earthquake
2015-02-23T03:46:57.000Z,19.148,-64.2591,33,3.3,Md,5,324,0.80219555,0.3,pr,pr15054008,2015-03-06T01:12:34.040Z,"89km NNE of Road Town, British Virgin Islands",earthquake
2015-02-23T03:43:45.500Z,19.1014,-64.3226,34,3.5,Md,14,302.4,0.73572022,0.44,pr,pr15054003,2015-03-06T01:09:44.040Z,"81km NNE of Road Town, British Virgin Islands",earthquake
2015-02-23T03:34:13.533Z,41.8959,-119.5571,0.9156,3.07,ml,5,126.84,0.185,0.1344,nn,nn00484193,2015-03-09T01:44:38.040Z,"72km ESE of Lakeview, Oregon",earthquake
2015-02-23T03:33:13.000Z,36.7148,-98.4031,5,2.8,ml,,117,,0.68,us,usc000tse7,2015-03-09T01:44:15.322Z,"6km SW of Cherokee, Oklahoma",earthquake
2015-02-23T03:26:51.200Z,19.1018,-64.2602,24,2.8,Md,8,320.4,0.75907642,0.2,pr,pr15054007,2015-03-06T00:58:36.040Z,"84km NNE of Road Town, British Virgin Islands",earthquake
2015-02-23T03:19:22.520Z,4.0812,126.2217,52.46,4.5,mb,,125,3.48,1.1,us,usc000ttd4,2015-03-06T00:55:45.597Z,"168km SSE of Sarangani, Philippines",earthquake
2015-02-23T03:12:32.300Z,19.1429,-64.1956,28,3.4,Md,7,320.4,0.82465343,0.23,pr,pr15054006,2015-03-06T00:35:59.040Z,"91km NNE of Road Town, British Virgin Islands",earthquake
2015-02-23T02:28:48.200Z,18.8383,-64.4613,55,3,Md,3,316.8,0.44466607,0.25,pr,pr15054004,2015-03-06T00:02:14.040Z,"49km NNE of Road Town, British Virgin Islands",earthquake
2015-02-23T02:20:58.940Z,-22.2345,-179.3726,590.5,4.2,mb,,204,5.08,0.61,us,usc000ttde,2015-03-05T23:50:46.593Z,"188km SSW of Ndoi Island, Fiji",earthquake
2015-02-23T02:03:03.100Z,19.1396,-64.2724,31,3.8,Md,12,306,0.78961913,0.25,pr,pr15054000,2015-03-05T23:12:20.040Z,"87km NNE of Road Town, British Virgin Islands",earthquake
2015-02-23T01:55:43.600Z,18.7714,-68.9052,93,3.7,Md,10,342,1.72746029,0.34,pr,pr15054002,2015-03-05T23:03:59.040Z,"14km E of Santa Cruz de El Seibo, Dominican Republic",earthquake
2015-02-23T01:48:55.500Z,19.1005,-64.2462,37,2.9,Md,4,327.6,0.76446631,0.05,pr,pr15054001,2015-03-05T22:58:00.040Z,"85km NNE of Road Town, British Virgin Islands",earthquake
2015-02-23T01:43:52.000Z,36.8973,141.3618,35.94,4.4,mb,,155,1.071,1.04,us,usc000tsdx,2015-03-18T01:25:34.314Z,"45km ESE of Iwaki, Japan",earthquake
2015-02-23T01:37:39.020Z,39.7298,143.6326,10,4.6,mb,,97,2.311,1.18,us,usc000tsdw,2015-03-18T01:24:10.998Z,"144km E of Miyako, Japan",earthquake
2015-02-23T00:48:47.170Z,-4.4465,126.3407,374.44,4.6,mb,,23,4.913,0.77,us,usc000tsdq,2015-03-14T02:28:25.336Z,"76km SSW of Leksula, Indonesia",earthquake
2015-02-23T00:22:00.000Z,56.7641,-156.8431,55.5,3.1,ml,,,,0.61,ak,ak11515881,2015-03-15T00:22:57.776Z,"129km NW of Chirikof Island, Alaska",earthquake
2015-02-23T00:09:36.780Z,-3.4681,138.887,85.5,4.9,mb,,78,6.65,0.68,us,usc000tsdl,2015-03-14T02:20:24.939Z,"209km WSW of Abepura, Indonesia",earthquake
2015-02-23T00:05:59.000Z,59.3521,-152.7775,72.2,2.8,ml,,,,0.57,ak,ak11515874,2015-03-15T02:56:22.234Z,"71km SW of Anchor Point, Alaska",earthquake
2015-02-22T23:09:26.200Z,36.9145,135.3742,363.97,4,mb,,45,1.625,0.57,us,usc000tsd9,2015-03-13T02:55:04.344Z,"104km NW of Mikuni, Japan",earthquake
2015-02-22T23:01:00.990Z,-9.0932,-75.4702,162.56,4.1,mb,,173,9.732,0.76,us,usc000tt4m,2015-03-16T22:18:22.960Z,"63km ENE of Tingo Maria, Peru",earthquake
2015-02-22T22:39:35.230Z,-0.0533,123.8909,109.84,4.2,mb,,62,1.488,0.46,us,usc000tscx,2015-03-04T04:02:56.680Z,"49km SSW of Molibagu, Indonesia",earthquake
2015-02-22T22:17:07.600Z,-19.2428,-177.4639,576.39,4.7,mb,,83,4.507,0.58,us,usc000tsck,2015-03-04T03:59:55.149Z,"202km NE of Ndoi Island, Fiji",earthquake
2015-02-22T21:56:21.000Z,-34.45,-70.608,99.1,4.3,mb,,,,1.23,us,usc000tsc6,2015-03-04T03:48:13.337Z,"24km E of Rengo, Chile",earthquake
2015-02-22T21:38:31.900Z,39.278,142.6067,10.48,4,mb,,175,2.001,0.64,us,usc000tt4f,2015-03-04T03:37:31.096Z,"60km ESE of Yamada, Japan",earthquake
2015-02-22T21:14:34.220Z,-4.7075,-104.9364,10,4.7,mb,,178,24.021,0.85,us,usc000tt4z,2015-03-04T03:23:16.586Z,"Central East Pacific Rise",earthquake
2015-02-22T21:07:17.000Z,59.8552,-153.3659,128.8,2.5,ml,,,,0.76,ak,ak11515793,2015-03-09T01:39:13.988Z,"78km SSW of Redoubt Volcano, Alaska",earthquake
2015-02-22T21:07:05.000Z,-18.866,-69.286,123.4,4.6,mb,,,,0.38,us,usc000tsc1,2015-03-04T03:12:58.529Z,"79km SSE of Putre, Chile",earthquake
2015-02-22T20:39:11.130Z,38.2636667,-112.6291667,6.67,2.52,ml,26,45,0.306,0.2,uu,uu60102647,2015-02-23T16:20:42.483Z,"1km SE of Beaver, Utah",earthquake
2015-02-22T19:43:32.650Z,39.76,143.2872,10,5.1,mb,,87,2.246,0.6,us,usc000tsbm,2015-02-23T03:46:13.593Z,"115km E of Miyako, Japan",earthquake
2015-02-22T19:26:03.000Z,59.7597,-153.2593,120.6,3.1,ml,,,,0.56,ak,ak11515644,2015-02-27T21:05:35.464Z,"80km W of Anchor Point, Alaska",earthquake
2015-02-22T18:26:52.280Z,-24.2287,-67.0417,167.07,5,mb,,66,2.352,1.23,us,usc000tsbd,2015-02-24T16:55:36.000Z,"73km W of San Antonio de los Cobres, Argentina",earthquake
2015-02-22T18:24:15.000Z,61.5788,-151.621,11.3,3.3,ml,,,,0.85,ak,ak11515635,2015-03-02T20:26:30.600Z,"85km WSW of Willow, Alaska",earthquake
2015-02-22T17:10:54.430Z,20.0022,-45.7212,10,4.8,mb,,103,37.582,1.03,us,usc000tsb1,2015-02-23T01:13:20.184Z,"Northern Mid-Atlantic Ridge",earthquake
2015-02-22T14:36:21.140Z,18.6478,-106.9096,10,4.5,mb,,184,5.462,0.83,us,usc000tsam,2015-02-22T22:38:47.485Z,"225km SW of Tomatlan, Mexico",earthquake
2015-02-22T14:32:23.000Z,51.9297,-174.0717,70.1,2.5,ml,,,,0.16,ak,ak11515434,2015-02-27T21:04:31.729Z,"30km SSE of Atka, Alaska",earthquake
2015-02-22T14:23:13.460Z,18.6697,-106.8437,10,6.2,mwb,,70,5.397,0.66,us,usc000tsak,2015-02-23T19:12:05.000Z,"218km SW of Tomatlan, Mexico",earthquake
2015-02-22T14:11:44.300Z,19.2217,-68.3964,129,3.4,Md,8,342,1.42921962,0.18,pr,pr15053001,2015-02-22T22:14:27.797Z,"69km NNE of Otra Banda, Dominican Republic",earthquake
2015-02-22T13:18:08.000Z,59.5598,-153.4819,110.1,3,ml,,,,0.57,ak,ak11515377,2015-02-27T21:03:16.593Z,"83km ESE of Old Iliamna, Alaska",earthquake
2015-02-22T13:02:16.340Z,-18.006,-178.3189,594.81,5.1,mb,,23,3.465,0.72,us,usc000tsa8,2015-02-22T21:04:45.157Z,"295km N of Ndoi Island, Fiji",earthquake
2015-02-22T13:01:27.562Z,41.9098,-119.5629,3.826,3.39,ml,6,124.12,0.176,0.0588,nn,nn00484076,2015-02-22T21:46:05.400Z,"71km ESE of Lakeview, Oregon",earthquake
2015-02-22T12:56:24.380Z,2.7299,-76.4886,149,5.5,mwb,,29,3.015,0.92,us,usc000tsa5,2015-03-13T10:13:54.504Z,"7km S of Caldono, Colombia",earthquake
2015-02-22T12:19:32.590Z,0.7929,126.2552,36.53,4.7,mb,,66,1.111,0.69,us,usc000tsa1,2015-03-13T08:29:50.946Z,"123km W of Kota Ternate, Indonesia",earthquake
2015-02-22T11:48:24.890Z,-29.0463,-3.9058,10,5.1,mb,,72,13.136,0.78,us,usc000tsa0,2015-03-13T08:05:00.225Z,"South Atlantic Ocean",earthquake
2015-02-22T08:42:48.000Z,65.3002,-162.1023,5.7,2.6,ml,,,,0.76,ak,ak11519157,2015-03-02T20:24:35.312Z,"171km NNW of Unalakleet, Alaska",earthquake
2015-02-22T08:20:34.730Z,37.0621,-104.947,2.87,3.6,ml,,86,0.812,0.82,us,usc000ts9d,2015-02-22T18:28:52.647Z,"41km WSW of Trinidad, Colorado",earthquake
2015-02-22T08:15:19.000Z,65.8028,-151.0079,5.9,2.6,ml,,,,0.75,ak,ak11515225,2015-03-02T20:24:39.569Z,"86km NE of Tanana, Alaska",earthquake
2015-02-22T07:36:25.380Z,37.0876,-105.0012,5,2.5,ml,,62,0.768,0.86,us,usc000ts9k,2015-02-22T15:38:59.821Z,"39km ESE of San Luis, Colorado",earthquake
2015-02-22T07:31:48.150Z,37.1361,-104.9613,5,3.4,ml,,85,0.744,0.34,us,usc000ts9t,2015-02-22T15:34:22.363Z,"41km W of Trinidad, Colorado",earthquake
2015-02-22T06:42:55.450Z,44.1074,85.6408,15.6,5.2,mb,,64,3.574,0.82,us,usc000ts8t,2015-02-22T15:43:32.035Z,"37km SW of Shihezi, China",earthquake
2015-02-22T06:10:33.850Z,-4.9918,133.9135,10,5.5,mb,,49,2.645,0.65,us,usc000ts8n,2015-02-23T14:56:23.000Z,"92km NNW of Dobo, Indonesia",earthquake
2015-02-22T05:55:00.550Z,37.2507,-98.0108,5,2.5,mb_lg,,112,0.039,0.75,us,usc000tsdd,2015-02-22T23:58:39.263Z,"4km SSE of Harper, Kansas",earthquake
2015-02-22T05:40:20.530Z,-20.0689,-70.9453,12.98,4.8,mb,,137,0.871,1.28,us,usc000ts8e,2015-02-23T21:03:58.000Z,"85km WNW of Iquique, Chile",earthquake
2015-02-22T05:33:19.000Z,59.2312,-153.6494,106.2,2.7,ml,,,,0.56,ak,ak11515193,2015-02-27T21:03:54.929Z,"92km SE of Old Iliamna, Alaska",earthquake
2015-02-22T05:29:39.530Z,34.304,-119.8025,1.1,2.87,ml,32,61,0.1137,0.36,ci,ci37099679,2015-02-24T18:52:58.552Z,"13km SSE of Isla Vista, California",earthquake
2015-02-22T04:39:01.510Z,35.2861,27.7844,13.86,4.2,mb,,126,0.571,0.89,us,usc000ts89,2015-03-13T03:56:51.144Z,"57km ESE of Karpathos, Greece",earthquake
2015-02-22T03:54:59.920Z,-14.9255,167.4884,116.19,4.6,mb,,146,0.587,0.8,us,usc000ts80,2015-02-22T11:57:33.764Z,"49km ENE of Port-Olry, Vanuatu",earthquake
2015-02-22T03:29:55.000Z,52.8347,-163.4606,12.8,2.6,ml,,,,0.3,us,usc000ttuf,2015-03-13T02:22:02.620Z,"210km SE of Akutan, Alaska",earthquake
2015-02-22T03:05:04.700Z,18.6208,-68.2754,107,3.1,Md,7,342,1.21272563,0.1,pr,pr15053000,2015-03-13T02:43:53.635Z,"14km ENE of Punta Cana, Dominican Republic",earthquake
2015-02-22T02:53:42.970Z,40.0871,143.5009,10,5,mb,,95,1.943,0.81,us,usc000ts7u,2015-02-22T10:56:18.019Z,"141km ENE of Miyako, Japan",earthquake
2015-02-22T02:44:23.140Z,79.4514,3.3184,10,4.2,mb,,95,1.713,1.28,us,usc000tt4b,2015-03-13T00:19:50.543Z,"299km WNW of Longyearbyen, Svalbard and Jan Mayen",earthquake
2015-02-22T01:31:59.750Z,16.5211,119.0229,32.94,4.1,mb,,119,1.711,0.48,us,usc000tt4g,2015-03-12T04:20:18.812Z,"87km WNW of Catuday, Philippines",earthquake
2015-02-21T22:43:47.680Z,52.3984,-175.9563,218.18,4.3,mb,,126,0.312,0.56,us,usc000tt8j,2015-03-14T00:38:47.759Z,"75km NE of Adak, Alaska",earthquake
2015-02-21T22:41:27.150Z,56.674,-169.1188,18.96,4,mb,,41,0.798,1.21,us,usc000tt2p,2015-03-14T00:23:26.482Z,"87km SE of City of Saint Paul, Alaska",earthquake
2015-02-21T22:26:45.600Z,4.67,-76.18,95,5.1,mb,,,,0.94,us,usc000ts6w,2015-03-14T00:06:30.981Z,"8km SW of Argelia, Colombia",earthquake
2015-02-21T22:23:12.000Z,58.0684,-156.9963,9.3,3,ml,,,,0.76,ak,ak11515061,2015-03-14T00:26:53.303Z,"71km SSW of King Salmon, Alaska",earthquake
2015-02-21T22:15:27.000Z,57.6955,-155.7831,80.9,2.6,ml,,,,0.48,ak,ak11515059,2015-03-13T22:12:10.349Z,"109km W of Larsen Bay, Alaska",earthquake
2015-02-21T21:40:31.000Z,53.1483,-166.7573,35,3,ml,,,,0.33,us,usc000tt8f,2015-03-13T21:44:12.101Z,"82km S of Unalaska, Alaska",earthquake
2015-02-21T21:39:09.000Z,51.4981,-178.1829,7.1,2.6,ml,,,,1.16,us,usc000ts8u,2015-03-13T21:38:44.922Z,"43km S of Tanaga Volcano, Alaska",earthquake
2015-02-21T21:21:37.920Z,44.5201,18.9295,7.43,3.4,ml,,48,0.871,1.12,us,usc000ts6i,2015-02-22T23:33:00.012Z,"9km S of Priboj, Bosnia and Herzegovina",earthquake
2015-02-21T20:46:42.280Z,9.4809,-84.5509,10,4.5,mb,,146,0.675,1.44,us,usc000tt23,2015-03-13T21:32:30.866Z,"17km SSE of Jaco, Costa Rica",earthquake
2015-02-21T20:05:45.880Z,42.5932,83.9635,29.24,4.5,mb,,67,2.995,0.57,us,usc000ts67,2015-03-13T04:39:52.863Z,"128km NE of Kuqa, China",earthquake
2015-02-21T19:51:00.280Z,-9.1282,158.5607,33.55,5.1,mb,,48,1.403,0.58,us,usc000ts63,2015-03-13T03:55:35.332Z,"130km SSW of Dadali, Solomon Islands",earthquake
2015-02-21T19:42:22.160Z,-5.4517,147.129,213.79,5.3,mwb,,19,3.394,0.8,us,usc000ts60,2015-03-13T03:41:09.492Z,"141km N of Lae, Papua New Guinea",earthquake
2015-02-21T19:39:48.600Z,19.0869,-65.4063,11,2.9,Md,7,288,0.78422924,0.31,pr,pr15052005,2015-03-13T03:14:17.480Z,"85km NNE of Luquillo, Puerto Rico",earthquake
2015-02-21T18:52:43.570Z,-22.9125,171.5517,25.31,4.8,mb,,82,4.797,1.01,us,usc000tt2b,2015-02-25T16:15:34.531Z,"76km SW of Ile Hunter, New Caledonia",earthquake
2015-02-21T18:42:07.200Z,18.9517,-65.393,62,2.9,Md,9,237.6,0.64948195,0.31,pr,pr15052004,2015-02-24T15:24:37.040Z,"72km NNE of Luquillo, Puerto Rico",earthquake
2015-02-21T18:19:32.490Z,6.0903,125.9815,128.29,4.7,mb,,83,1.051,1.27,us,usc000ts5q,2015-02-24T16:07:05.313Z,"30km E of Lamitan, Philippines",earthquake
2015-02-21T17:38:33.480Z,-19.774,-178.4245,599.83,4.4,mb,,52,3.9,0.72,us,usc000ts5m,2015-02-24T16:16:26.614Z,"101km NNE of Ndoi Island, Fiji",earthquake
2015-02-21T17:33:32.000Z,56.3801,-169.7838,20,2.8,ml,,,,0.95,ak,ak11517963,2015-03-02T20:24:37.712Z,"92km SSE of City of Saint Paul, Alaska",earthquake
2015-02-21T17:19:14.000Z,56.6929,-169.0078,24.2,3.6,ml,,,,0.96,ak,ak11517961,2015-03-02T20:26:13.256Z,"91km SE of City of Saint Paul, Alaska",earthquake
2015-02-21T16:45:40.000Z,51.4825,-175.8203,47.8,2.8,ml,,,,0.58,ak,ak11514875,2015-02-25T22:03:50.033Z,"72km SE of Adak, Alaska",earthquake
2015-02-21T16:11:03.879Z,41.8612,-119.6527,9.9582,2.86,ml,5,122.13,0.141,0.1653,nn,nn00483921,2015-02-22T23:17:41.760Z,"73km SE of Lakeview, Oregon",earthquake
2015-02-21T14:57:53.000Z,51.8195,178.3829,115.9,2.9,ml,,,,0.33,ak,ak11514836,2015-02-25T22:05:55.275Z,"16km SSW of Little Sitkin Island, Alaska",earthquake
2015-02-21T14:44:16.000Z,54.147,-162.3156,6.8,3,ml,,,,0.35,ak,ak11514833,2015-02-25T22:05:38.353Z,"105km SE of False Pass, Alaska",earthquake
2015-02-21T14:21:49.556Z,41.8779,-119.6499,7.2741,3.3,ml,5,121.48,0.132,0.1179,nn,nn00483906,2015-02-21T22:24:20.266Z,"75km SE of Lakeview, Oregon",earthquake
2015-02-21T14:02:05.180Z,51.9879,-173.9883,47.13,4.4,mb,,177,0.25,1.37,us,usc000ts4j,2015-02-25T22:03:00.668Z,"27km SSE of Atka, Alaska",earthquake
2015-02-21T12:42:40.890Z,35.5031,-96.9492,4.21,2.5,mb_lg,,62,0.039,0.54,us,usc000ts4g,2015-02-21T20:45:11.733Z,"4km W of Meeker, Oklahoma",earthquake
2015-02-21T12:26:30.000Z,52.0836,-170.4751,7.3,2.5,ml,,,,0.52,ak,ak11517944,2015-02-25T22:07:22.503Z,"62km SSE of Yunaska Island, Alaska",earthquake
2015-02-21T12:23:27.000Z,52.0209,-170.7895,55.9,2.5,ml,,,,0.36,ak,ak11517943,2015-02-25T22:07:39.796Z,"61km SSE of Amukta Island, Alaska",earthquake
2015-02-21T11:55:43.000Z,64.1392,-150.425,9,2.6,ml,,,,0.7,ak,ak11514779,2015-02-25T22:06:47.531Z,"78km WNW of Healy, Alaska",earthquake
2015-02-21T11:34:07.140Z,-16.9047,-14.1122,10,5.3,mb,,47,8.083,0.92,us,usc000ts4c,2015-02-21T19:36:45.758Z,"Southern Mid-Atlantic Ridge",earthquake
2015-02-21T10:37:00.590Z,-8.1398,106.7298,32.5,4.7,mb,,95,1.222,0.79,us,usc000ts4a,2015-02-21T18:39:35.336Z,"78km S of Tegalbuleud, Indonesia",earthquake
2015-02-21T10:13:54.120Z,39.8459,143.4563,10,6,mwb,,41,2.178,0.71,us,usc000ts49,2015-02-22T08:01:36.991Z,"130km E of Miyako, Japan",earthquake
2015-02-21T10:00:53.500Z,-57.1016,-24.9331,10,4.6,mb,,107,17.274,0.97,us,usc000tt1u,2015-03-18T12:43:05.634Z,"145km ESE of Visokoi Island, South Georgia and the South Sandwich Islands",earthquake
2015-02-21T09:27:35.000Z,57.8582,-155.571,10,2.7,ml,,,,0.49,ak,ak11514717,2015-03-18T12:01:32.306Z,"101km WNW of Larsen Bay, Alaska",earthquake
2015-02-21T09:01:29.000Z,51.8143,178.4361,104,3.1,ml,,,,0.25,us,usc000ts6n,2015-03-18T11:28:47.649Z,"15km SSW of Little Sitkin Island, Alaska",earthquake
2015-02-21T08:44:20.600Z,36.1259,-97.2753,3.744,2.9,ml,,71,,0.55,us,usc000ts47,2015-03-15T09:50:37.455Z,"18km S of Perry, Oklahoma",earthquake
2015-02-21T07:25:13.900Z,36.1251,-97.2678,4.785,2.7,ml,,73,,0.77,us,usc000ts43,2015-03-15T09:48:49.333Z,"18km W of Stillwater, Oklahoma",earthquake
2015-02-21T07:20:23.300Z,18.822,-66.4085,93,3.4,Md,15,230.4,0.36112274,0.28,pr,pr15052002,2015-03-15T09:44:33.034Z,"39km N of Brenas, Puerto Rico",earthquake
2015-02-21T06:46:00.000Z,51.0752,-179.2105,25.8,3.2,ml,,,,0.92,us,usc000tt79,2015-03-15T09:41:13.568Z,"21km SSW of Amatignak Island, Alaska",earthquake
2015-02-21T06:45:43.700Z,36.6002,-97.6284,3.267,3,ml,,65,,0.58,us,usc000ts3z,2015-03-15T09:35:57.074Z,"24km SSE of Medford, Oklahoma",earthquake
2015-02-21T06:28:10.900Z,19.0671,-64.4671,29,3,Md,4,309.6,0.66116005,0.34,pr,pr15052007,2015-02-22T03:37:54.430Z,"73km NNE of Road Town, British Virgin Islands",earthquake
2015-02-21T06:18:27.900Z,36.3284,-97.2014,5.205,2.6,ml,,51,,0.76,us,usc000ts3w,2015-03-15T07:45:15.685Z,"8km ENE of Perry, Oklahoma",earthquake
2015-02-21T05:22:50.470Z,-22.9678,171.501,45.07,4.7,mb,,100,4.76,0.84,us,usc000tt1k,2015-03-14T10:24:59.437Z,"84km SW of Ile Hunter, New Caledonia",earthquake
2015-02-21T05:16:42.867Z,41.865,-119.6358,7.6523,2.91,ml,5,122.75,0.148,0.1589,nn,nn00483878,2015-03-14T10:12:34.800Z,"68km ESE of Lakeview, Oregon",earthquake
2015-02-21T04:47:08.300Z,36.3981,-97.2972,6.096,3.1,ml,,61,,0.41,us,usc000ts3n,2015-03-12T02:59:01.026Z,"12km N of Perry, Oklahoma",earthquake
2015-02-21T04:23:54.760Z,39.232,143.8304,10,4.1,mb,,136,2.745,0.46,us,usc000tt1x,2015-03-12T02:51:17.498Z,"164km E of Yamada, Japan",earthquake
2015-02-21T04:06:16.010Z,12.5801,-87.7558,71.43,4.3,mb,,129,0.699,0.78,us,usc000ts3j,2015-03-11T05:06:23.309Z,"37km WSW of Jiquilillo, Nicaragua",earthquake
2015-02-21T03:49:34.889Z,41.8609,-119.6461,6.9427,3.06,ml,5,122.45,0.145,0.1752,nn,nn00483856,2015-03-12T02:36:25.130Z,"68km ESE of Lakeview, Oregon",earthquake
2015-02-21T03:42:48.930Z,39.7592,143.6163,10,4.6,mb,,127,2.28,0.55,us,usc000ts2p,2015-03-12T02:04:16.790Z,"143km E of Miyako, Japan",earthquake
2015-02-21T03:23:00.150Z,39.2849,143.5168,10,4.2,mb,,157,2.562,0.91,us,usc000tt2h,2015-03-11T23:58:10.025Z,"136km E of Yamada, Japan",earthquake
2015-02-21T02:44:16.210Z,-7.1143,154.8575,7.51,4.4,mb,,90,3.952,0.81,us,usc000tt2c,2015-03-11T23:24:38.156Z,"112km SW of Panguna, Papua New Guinea",earthquake
2015-02-21T02:17:39.000Z,59.7384,-152.8098,90.5,2.5,ml,,,,0.59,ak,ak11514501,2015-03-11T23:09:19.995Z,"55km W of Anchor Point, Alaska",earthquake
2015-02-21T02:14:10.990Z,6.7199,-72.9878,172.73,4.3,mb,,68,2.286,0.65,us,usc000tt1p,2015-03-11T22:58:06.856Z,"4km NE of Aratoca, Colombia",earthquake
2015-02-21T01:34:07.550Z,52.5335,-32.4628,10,4.3,mb,,143,11.162,0.44,us,usc000tt2g,2015-03-11T22:32:17.286Z,"Reykjanes Ridge",earthquake
2015-02-21T01:32:17.500Z,19.0597,-66.8247,52,2.9,Md,12,270,0.64229543,0.4,pr,pr15052001,2015-03-11T05:11:14.343Z,"63km N of Hatillo, Puerto Rico",earthquake
2015-02-21T01:31:58.640Z,-7.2959,129.4986,126.97,4.3,mb,,79,1.91,1.34,us,usc000ts23,2015-03-11T05:24:19.320Z,"213km WNW of Saumlaki, Indonesia",earthquake
2015-02-21T01:23:28.300Z,18.3955,-67.4862,8,2.9,Md,17,302.4,0.36291937,0.74,pr,pr15052000,2015-03-12T22:40:15.814Z,"25km WNW of Rincon, Puerto Rico",earthquake
2015-02-21T01:19:02.000Z,-20.072,-69.199,92.6,3.8,mb,,,,0.82,us,usc000tt2f,2015-03-11T04:17:01.178Z,"100km E of Iquique, Chile",earthquake
2015-02-21T00:58:34.000Z,59.3793,-153.792,109.3,2.5,ml,,,,0.53,ak,ak11517907,2015-03-16T22:26:00.933Z,"75km ESE of Old Iliamna, Alaska",earthquake
2015-02-21T00:57:41.510Z,-20.896,-178.9132,611.05,4.7,mb,,105,4.246,0.78,us,usc000ts1u,2015-03-13T03:02:22.236Z,"35km SW of Ndoi Island, Fiji",earthquake
2015-02-20T23:56:54.000Z,39.2344,143.7363,14.78,4.7,mb,,135,2.682,0.97,us,usc000ts1l,2015-03-13T05:44:05.568Z,"156km E of Yamada, Japan",earthquake
2015-02-20T23:43:39.504Z,41.9102,-119.5738,5.6732,2.96,ml,5,125.21,0.168,0.1018,nn,nn00483819,2015-03-14T23:19:43.241Z,"71km ESE of Lakeview, Oregon",earthquake
2015-02-20T23:41:07.000Z,58.2294,-155.9721,144.4,2.9,ml,,,,0.79,ak,ak11514403,2015-03-16T04:18:16.702Z,"65km SE of King Salmon, Alaska",earthquake
2015-02-20T23:23:34.800Z,19.3842,-155.2788,2.4,2.5,Ml,,46.8,0,0.1,hv,hv60856371,2015-03-14T23:30:19.310Z,"6km SW of Volcano, Hawaii",earthquake
2015-02-20T23:17:33.000Z,63.0337,-151.5903,8.2,2.6,ml,,,,0.74,ak,ak11514394,2015-03-14T22:42:43.007Z,"109km NW of Talkeetna, Alaska",earthquake
2015-02-20T22:50:56.900Z,14.79,-93.738,61.2,4.7,mb,,,,1.66,us,usc000ts0q,2015-03-13T03:30:41.549Z,"114km SW of Mapastepec, Mexico",earthquake
2015-02-20T22:41:08.340Z,12.1282,-88.4356,35,4.1,mb,,205,1.468,0.79,us,usc000tssa,2015-03-16T03:05:05.055Z,"125km SSW of Chirilagua, El Salvador",earthquake
2015-02-20T22:37:50.280Z,23.0097,101.7553,10,4.5,mb,,63,2.288,0.75,us,usc000ts0n,2015-03-13T05:32:32.588Z,"44km S of Lianzhu, China",earthquake
2015-02-20T22:22:20.100Z,-26.3746,-13.7534,9.97,4.5,mb,,77,12.769,1.05,us,usc000tst5,2015-03-16T04:05:59.755Z,"Southern Mid-Atlantic Ridge",earthquake
2015-02-20T22:05:30.870Z,3.8403,126.7682,60.47,4.1,mb,,153,3.106,1.16,us,usc000tssf,2015-03-16T03:14:29.530Z,"225km SE of Sarangani, Philippines",earthquake
2015-02-20T21:41:37.110Z,-17.8665,-178.3505,576.18,4.8,mb,,78,3.428,0.99,us,usc000ts06,2015-03-13T04:00:12.217Z,"289km SE of Lambasa, Fiji",earthquake
2015-02-20T21:22:07.360Z,-23.7693,179.5324,527.99,4.4,mb,,100,5.908,1,us,usc000tst3,2015-03-16T03:39:05.314Z,"South of the Fiji Islands",earthquake
2015-02-20T21:07:17.550Z,-50.1009,114.1781,10,4.7,mb,,106,17.309,0.89,us,usc000trzv,2015-03-14T04:25:11.773Z,"Western Indian-Antarctic Ridge",earthquake
2015-02-20T21:05:54.970Z,39.7915,143.558,20.61,4.8,mb,,125,2.242,0.9,us,usc000trzp,2015-03-13T04:12:26.871Z,"138km E of Miyako, Japan",earthquake
2015-02-20T20:53:38.760Z,-15.2163,-75.8579,37.09,4.4,mb,,170,3.349,0.67,us,usc000tssz,2015-02-24T16:32:31.427Z,"80km W of Minas de Marcona, Peru",earthquake
2015-02-20T20:38:35.300Z,19.2924,-65.9144,61,3,Md,9,284.4,0.99712997,0.33,pr,pr15051007,2015-02-21T16:53:41.040Z,"93km NNE of San Juan, Puerto Rico",earthquake
2015-02-20T20:25:27.880Z,35.121,137.5651,286.52,4.3,mb,,69,0.494,0.91,us,usc000trz7,2015-02-21T16:45:13.914Z,"25km NNE of Shinshiro, Japan",earthquake
2015-02-20T20:13:41.000Z,54.23,-162.3061,8.6,2.5,ml,,,,0.93,ak,ak11516972,2015-02-24T18:54:09.038Z,"99km SE of False Pass, Alaska",earthquake
2015-02-20T20:07:57.000Z,58.8891,-138.0118,9.7,3,ml,,,,0.83,ak,ak11514200,2015-02-24T18:52:04.046Z,"122km SE of Yakutat, Alaska",earthquake
2015-02-20T19:28:28.160Z,41.9086,142.6757,63.67,5.3,mwr,,91,0.372,0.88,us,usc000tryp,2015-02-21T16:20:27.732Z,"53km SSE of Shizunai, Japan",earthquake
2015-02-20T19:15:54.400Z,19.0627,-66.8085,46,2.8,Md,13,270,0.63870217,0.38,pr,pr15051005,2015-02-21T16:00:26.040Z,"63km N of Hatillo, Puerto Rico",earthquake
2015-02-20T19:11:31.810Z,41.8563,-119.6431,8.4964,2.8,ml,7,124.2,0.15,0.133,nn,nn00483757,2015-02-21T15:47:46.040Z,"68km ESE of Lakeview, Oregon",earthquake
2015-02-20T18:40:50.600Z,18.7632,-66.2776,85,2.9,Md,3,334.8,0.63151564,0.05,pr,pr15051004,2015-02-21T15:41:07.040Z,"33km N of Dorado, Puerto Rico",earthquake
2015-02-20T18:30:07.000Z,54.2706,-162.409,40.2,3,ml,,,,0.76,ak,ak11514148,2015-02-24T18:51:46.586Z,"91km SE of False Pass, Alaska",earthquake
2015-02-20T18:16:28.170Z,27.1243,54.7424,40.47,4.5,mb,,85,2.537,0.71,us,usc000try2,2015-02-21T15:38:44.944Z,"64km NNW of Bandar-e Lengeh, Iran",earthquake
2015-02-20T15:57:45.190Z,35.9629,142.3305,27.41,4.4,mb,,157,1.753,1.17,us,usc000trxa,2015-02-21T00:00:20.624Z,"137km E of Hasaki, Japan",earthquake
2015-02-20T15:39:18.370Z,-31.1279,-178.3055,39.2,5.3,mb,,103,1.904,1.39,us,usc000trx4,2015-02-20T23:41:46.884Z,"65km ENE of L'Esperance Rock, New Zealand",earthquake
2015-02-20T14:36:05.000Z,18.4617,-66.8069,117,2.9,Md,14,172.8,0.12396751,0.25,pr,pr15051002,2015-02-20T22:38:38.563Z,"2km SW of Carrizales, Puerto Rico",earthquake
2015-02-20T14:28:18.160Z,38.8065,-122.8115,3.29,2.67,md,71,24,0.01274,0.04,nc,nc72398140,2015-02-20T22:30:53.998Z,"5km NW of The Geysers, California",earthquake
2015-02-20T13:39:28.000Z,56.2806,-155.8729,70.6,3,ml,,,,0.5,ak,ak11513965,2015-02-24T18:53:34.460Z,"53km NNW of Chirikof Island, Alaska",earthquake
2015-02-20T13:01:09.090Z,-7.147,154.8429,19.21,4.9,mb,,69,3.966,0.74,us,usc000trvf,2015-02-20T21:03:44.868Z,"116km SW of Panguna, Papua New Guinea",earthquake
2015-02-20T12:56:33.440Z,39.4221,144.1239,38.01,4.1,mb,,239,2.692,0.49,us,usc000trty,2015-02-20T20:59:06.778Z,"187km E of Yamada, Japan",earthquake
2015-02-20T12:03:34.000Z,50.7319,-175.4324,39.8,2.6,ml,,,,0.49,ak,ak11516936,2015-02-24T18:53:17.193Z,"153km SE of Adak, Alaska",earthquake
2015-02-20T11:35:22.324Z,41.8445,-119.6434,9.3866,2.66,ml,6,122.38,0.158,0.1699,nn,nn00483721,2015-02-20T19:37:50.895Z,"68km SE of Lakeview, Oregon",earthquake
2015-02-20T11:16:49.000Z,63.2019,-149.7309,97.2,2.5,ml,,,,0.42,ak,ak11513914,2015-02-24T18:49:46.378Z,"44km WSW of Cantwell, Alaska",earthquake
2015-02-20T11:16:19.330Z,38.8128333,-122.8205,3.42,2.64,md,75,21,0.007851,0.05,nc,nc72397995,2015-02-20T20:47:07.820Z,"6km NW of The Geysers, California",earthquake
2015-02-20T11:15:56.850Z,36.0628333,-117.5938333,1.3,2.6,ml,34,42,0.08507,0.2,ci,ci37097711,2015-02-24T00:24:57.190Z,"32km ENE of Little Lake, California",earthquake
2015-02-20T11:09:12.920Z,40.0294,142.5594,2.01,4.4,mb,,176,2.034,1.05,us,usc000trth,2015-02-20T19:11:46.542Z,"67km NE of Miyako, Japan",earthquake
2015-02-20T10:27:17.500Z,18.5284,-65.05,3,2.7,Md,7,194.4,0.3117154,0.31,pr,pr15051003,2015-02-20T18:29:44.115Z,"24km NNW of Charlotte Amalie, U.S. Virgin Islands",earthquake
2015-02-20T09:57:59.600Z,36.513,-98.1692,6.88,3,mb_lg,,73,0.15,0.6,us,usc000trt9,2015-02-20T12:40:58.713Z,"9km ESE of Helena, Oklahoma",earthquake
2015-02-20T09:46:23.900Z,39.2936,144.127,35.49,4.5,mb,,144,2.816,1.07,us,usc000trt4,2015-02-20T17:48:50.088Z,"188km E of Yamada, Japan",earthquake
2015-02-20T09:37:05.700Z,17.9559,-68.2878,129,3.4,Md,11,334.8,1.16421661,0.5,pr,pr15051001,2015-02-20T17:39:34.130Z,"57km SE of Boca de Yuma, Dominican Republic",earthquake
2015-02-20T09:30:21.800Z,18.8281,-65.1465,75,2.6,Md,4,255.6,0.53359928,0.28,pr,pr15051000,2015-02-20T17:32:52.236Z,"58km NNW of Charlotte Amalie, U.S. Virgin Islands",earthquake
2015-02-20T09:10:43.457Z,41.8568,-119.6523,8.1805,2.5,ml,5,123.7,0.145,0.2049,nn,nn00483716,2015-02-20T18:10:14.450Z,"66km ESE of Lakeview, Oregon",earthquake
2015-02-20T09:08:15.340Z,-22.7927,-13.3657,10,5.3,mb,,50,27.517,0.69,us,usc000trt2,2015-02-20T17:10:57.058Z,"Southern Mid-Atlantic Ridge",earthquake
2015-02-20T08:42:27.000Z,56.6039,-169.3919,34.9,3,ml,,,,0.68,us,usc000tstr,2015-03-14T09:58:33.832Z,"81km SE of City of Saint Paul, Alaska",earthquake
2015-02-20T07:58:20.000Z,56.4685,-169.5762,23.1,3.1,ml,,,,1.05,us,usc000tstq,2015-03-14T10:02:12.856Z,"87km SSE of City of Saint Paul, Alaska",earthquake
2015-02-20T07:46:20.470Z,2.3171,-84.4874,10,4.8,mb,,75,6.378,0.86,us,usc000trsv,2015-03-13T10:01:15.647Z,"Off the coast of Central America",earthquake
2015-02-20T06:57:01.590Z,31.5426667,-115.6211667,3.98,2.57,ml,3,165,0.5135,0.1,ci,ci37097575,2015-02-26T23:30:04.758Z,"87km SSW of Alberto Oviedo Mota, B.C., Mexico",earthquake
2015-02-20T06:50:37.350Z,-3.0502,142.6112,10,4.3,mb,,69,4.854,0.81,us,usc000tst0,2015-03-13T09:41:33.286Z,"30km ENE of Aitape, Papua New Guinea",earthquake
2015-02-20T05:48:55.000Z,53.4345,-163.4018,33.3,2.7,ml,,,,0.58,us,usc000try4,2015-03-12T13:39:06.448Z,"157km S of False Pass, Alaska",earthquake
2015-02-20T05:26:57.450Z,39.725,143.0835,32.41,4.2,mb,,193,2.126,0.62,us,usc000trsj,2015-03-12T13:37:52.239Z,"97km E of Miyako, Japan",earthquake
2015-02-20T05:00:00.000Z,61.0606,-152.4526,133.3,2.6,ml,,,,0.6,ak,ak11513810,2015-03-11T13:53:46.280Z,"66km NNE of Redoubt Volcano, Alaska",earthquake
2015-02-20T04:25:24.310Z,39.8472,143.569,13.54,6.3,mwp,,51,2.188,0.96,us,usc000trsc,2015-02-21T12:15:34.087Z,"140km E of Miyako, Japan",earthquake
2015-02-20T04:02:49.844Z,41.8656,-119.6513,11.4537,2.64,ml,4,121.99,0.139,0.0667,nn,nn00483695,2015-03-11T03:31:39.248Z,"67km ESE of Lakeview, Oregon",earthquake
2015-02-20T03:52:20.840Z,39.6568,143.3203,23.07,4.4,mb,,156,2.359,0.91,us,usc000trs7,2015-03-04T05:11:55.252Z,"117km E of Miyako, Japan",earthquake
2015-02-20T03:45:47.000Z,59.4132,-136.5925,14.8,2.9,ml,,,,0.67,us,usc000tsu9,2015-03-13T04:14:15.743Z,"68km WNW of Haines, Alaska",earthquake
2015-02-20T03:24:13.600Z,35.8179,-97.4206,6.23,3.2,ml,,62,,0.48,us,usc000trs0,2015-03-11T03:15:56.087Z,"6km S of Guthrie, Oklahoma",earthquake
2015-02-20T02:47:36.230Z,-16.3985,168.0317,33.95,4.7,mb,,81,1.237,0.72,us,usc000tssn,2015-03-11T02:59:10.406Z,"72km ESE of Lakatoro, Vanuatu",earthquake
2015-02-20T02:05:04.990Z,17.3297,-95.4059,104.54,4.6,mb,,47,0.552,1.05,us,usc000trrt,2015-03-11T02:04:39.194Z,"41km WNW of Palomares, Mexico",earthquake
2015-02-20T01:20:08.790Z,26.0018,125.7141,101.51,4.5,mb,,99,2.44,0.72,us,usc000tssj,2015-03-11T01:52:04.947Z,"140km NNE of Hirara, Japan",earthquake
2015-02-20T01:09:13.060Z,-5.8991,105.6296,151.64,4.1,mb,,179,2.175,0.78,us,usc000tssh,2015-03-10T23:07:55.244Z,"16km SSW of Penengahan, Indonesia",earthquake
2015-02-19T23:59:57.490Z,-6.0018,127.9311,400.28,4.4,mb,,64,3.879,0.83,us,usc000trql,2015-03-13T04:18:29.948Z,"252km S of Amahusu, Indonesia",earthquake
2015-02-19T23:55:53.230Z,54.8934,162.4824,35,4.1,mb,,147,2.938,0.66,us,usc000tsr8,2015-03-16T02:50:03.593Z,"148km S of Ust'-Kamchatsk Staryy, Russia",earthquake
2015-02-19T23:49:17.080Z,-33.7603,-178.5475,35,4.3,mb,,167,4.532,1.1,us,usc000tsqz,2015-03-15T04:02:55.265Z,"260km S of L'Esperance Rock, New Zealand",earthquake
2015-02-19T23:32:28.490Z,-3.1181,142.573,35,4,mb,,199,10.311,0.83,us,usc000tsqx,2015-03-15T03:50:47.234Z,"25km E of Aitape, Papua New Guinea",earthquake
2015-02-19T23:28:16.520Z,1.1789,124.048,254.36,4.2,mb,,45,2.548,0.69,us,usc000tsr0,2015-03-15T05:46:45.411Z,"28km NNW of Bolaang, Indonesia",earthquake
2015-02-19T23:24:29.600Z,34.3105,-116.9431667,9.8,2.68,ml,95,22,0.05154,0.18,ci,ci37319040,2015-02-20T22:40:50.740Z,"8km NNW of Big Bear Lake, California",earthquake
2015-02-19T22:46:26.000Z,59.123,-153.5399,98.2,2.6,ml,,,,0.54,ak,ak11513575,2015-03-14T04:13:44.118Z,"104km SE of Old Iliamna, Alaska",earthquake
2015-02-19T22:06:58.500Z,18.0778,-66.6464,18,2.5,Md,11,122.4,0.05210229,0.3,pr,pr15050002,2015-02-20T06:09:29.304Z,"6km ENE of Tallaboa Alta, Puerto Rico",earthquake
2015-02-19T21:48:50.130Z,-4.2152,135.9986,61.6,4.1,mb,,153,3.957,1.28,us,usc000tsq4,2015-03-15T03:09:06.464Z,"51km SW of Enarotali, Indonesia",earthquake
2015-02-19T21:31:36.020Z,-16.167,167.7849,40.82,4.6,mb,,55,0.908,0.32,us,usc000tsr6,2015-03-15T22:57:59.059Z,"39km E of Lakatoro, Vanuatu",earthquake
2015-02-19T21:29:44.020Z,33.0112,-87.9915,0,2.7,md,,127,0.198,0.86,us,usc000trpe,2015-03-14T21:47:03.934Z,"19km SE of Aliceville, Alabama",earthquake
2015-02-19T20:31:20.600Z,29.4552,-96.9088,5,3.1,mb_lg,,172,0.988,0.16,us,usc000trnz,2015-02-20T04:33:59.036Z,"3km ENE of Hallettsville, Texas",earthquake
2015-02-19T19:56:33.550Z,-16.3587,168.11,10,5,mb,,96,1.258,0.74,us,usc000trl8,2015-02-20T03:59:00.103Z,"78km ESE of Lakatoro, Vanuatu",earthquake
2015-02-19T18:19:09.670Z,32.9483333,-88.0391667,0.01,2.77,md,11,128,0.2512,0.98,se,se60004413,2015-02-20T14:01:34.124Z,"18km NW of Eutaw, Alabama",earthquake
2015-02-19T17:25:39.000Z,52.6378,-174.5351,216.4,2.9,ml,,,,0.33,ak,ak11521087,2015-03-02T20:25:38.653Z,"54km NNW of Atka, Alaska",earthquake
2015-02-19T17:21:25.050Z,-9.1984,114.9449,68.58,4,mb,,83,1.066,1.14,us,usc000trq2,2015-02-20T00:08:20.751Z,"45km SSW of Kangin, Indonesia",earthquake
2015-02-19T16:32:47.400Z,52.8165,159.0223,82,5.5,mwb,,16,0.306,0.9,us,usc000tri6,2015-02-20T19:22:56.294Z,"35km SE of Petropavlovsk-Kamchatskiy, Russia",earthquake
2015-02-19T15:10:47.060Z,-37.8898,179.9951,28.92,4.7,mb,,199,1.378,0.71,us,usc000trhr,2015-02-20T18:28:53.563Z,"193km ENE of Gisborne, New Zealand",earthquake
2015-02-19T14:42:41.000Z,51.44,178.8209,34.9,3,ml,,,,0.47,ak,ak11513146,2015-03-02T18:15:26.081Z,"60km SSE of Little Sitkin Island, Alaska",earthquake
2015-02-19T14:32:41.840Z,-16.5341,168.0188,10,5.5,mb,,38,1.335,1.46,us,usc000trgm,2015-02-19T22:35:09.664Z,"79km SE of Lakatoro, Vanuatu",earthquake
2015-02-19T14:08:49.900Z,-16.1247,-179.0063,35,5,mb,,115,3.243,0.69,us,usc000trg9,2015-02-19T22:11:31.274Z,"175km E of Lambasa, Fiji",earthquake
2015-02-19T13:38:28.550Z,-16.5526,168.1712,10,5.1,mb,,62,1.44,0.7,us,usc000trfj,2015-02-19T21:41:00.215Z,"93km ESE of Lakatoro, Vanuatu",earthquake
2015-02-19T13:25:33.000Z,19.3808,-155.2812,2.3,2.6,Ml,,46.8,0.00898315,0.11,hv,hv60855071,2015-02-19T21:28:11.578Z,"7km SW of Volcano, Hawaii",earthquake
2015-02-19T13:18:32.230Z,-16.4402,168.1194,10,6.4,mwc,,18,1.323,1.14,us,usc000trf9,2015-02-20T15:31:38.000Z,"83km ESE of Lakatoro, Vanuatu",earthquake
2015-02-19T10:24:04.090Z,-53.4029,159.4488,10,5.1,mb,,92,1.135,1.09,us,us10000dg7,2015-02-19T18:26:46.816Z,"124km NNE of Macquarie Island, Australia",earthquake
2015-02-19T08:33:50.260Z,-21.91,169.8738,41.25,4.3,mb,,100,3.187,0.54,us,usc000tsq5,2015-03-11T13:50:27.280Z,"209km ESE of Tadine, New Caledonia",earthquake
2015-02-19T06:27:53.800Z,36.7589,-98.1668,4.431,2.6,ml,,105,,0.85,us,usc000trhx,2015-03-18T10:44:57.178Z,"16km E of Cherokee, Oklahoma",earthquake
2015-02-19T06:03:24.970Z,-4.9309,101.9113,21.34,4.5,mb,,156,1.185,0.84,us,usc000tre3,2015-03-18T10:27:00.683Z,"131km SSW of Bengkulu, Indonesia",earthquake
2015-02-19T05:35:18.000Z,28.734,51.76,9.3,4.3,mb,,,,0.43,us,usc000tre2,2015-03-18T10:03:44.017Z,"79km SE of Borazjan, Iran",earthquake
2015-02-19T05:19:39.560Z,49.1961,-128.7052,10,4.2,mb,,180,3.016,0.73,us,usc000tre0,2015-03-18T09:26:04.627Z,"190km SSW of Port Hardy, Canada",earthquake
2015-02-19T04:56:47.700Z,16.259,-98.033,4.2,4.2,mb,,,,0.95,us,usc000trdx,2015-03-09T01:25:18.311Z,"6km SSW of Santiago Pinotepa Nacional, Mexico",earthquake
2015-02-19T04:35:40.690Z,38.3648333,-112.2228333,5.77,3.17,ml,28,46,0.139,0.21,uu,uu60102282,2015-03-09T01:38:19.022Z,"14km N of Junction, Utah",earthquake
2015-02-19T04:06:15.040Z,35.8874,-97.2677,2.23,3.1,ml,,,,0.43,us,usc000trdn,2015-03-09T01:35:33.441Z,"6km S of Langston, Oklahoma",earthquake
2015-02-19T03:30:17.000Z,60.023,-150.6235,42.6,3.1,ml,,,,0.63,ak,ak11512963,2015-03-09T01:34:27.579Z,"49km NE of Fritz Creek, Alaska",earthquake
2015-02-19T03:10:50.000Z,51.8958,178.4146,115.8,2.5,ml,,,,0.58,us,usc000trjv,2015-03-02T20:24:14.599Z,"8km SW of Little Sitkin Island, Alaska",earthquake
2015-02-19T01:45:02.160Z,38.9244,144.6287,25.46,4.3,mb,,180,3.195,0.41,us,usc000trdh,2015-03-02T01:33:46.405Z,"239km ESE of Yamada, Japan",earthquake
2015-02-19T01:26:12.040Z,64.4954,-17.6296,8.1,4.3,mb,,107,1.613,0.74,us,usc000tsqg,2015-03-02T02:05:15.644Z,"119km WNW of Hofn, Iceland",earthquake
2015-02-19T00:56:35.570Z,46.432,153.8643,10,4.4,mb,,138,7.128,0.86,us,usc000tsqs,2015-03-13T03:06:00.786Z,"Kuril Islands",earthquake
2015-02-19T00:42:31.310Z,-56.6459,-25.7596,35,4.5,mb,,127,6.544,0.59,us,usc000tsra,2015-03-13T02:42:23.470Z,"88km E of Visokoi Island, South Georgia and the South Sandwich Islands",earthquake
2015-02-19T00:27:53.000Z,56.2982,-156.5613,37.5,3.2,ml,,,,0.48,ak,ak11512927,2015-03-13T02:25:50.848Z,"78km NW of Chirikof Island, Alaska",earthquake
2015-02-19T00:05:49.000Z,62.9837,-151.2224,130.4,2.8,ml,,,,0.58,ak,ak11512920,2015-03-13T02:15:22.944Z,"93km NW of Talkeetna, Alaska",earthquake
2015-02-18T22:47:05.410Z,-56.6835,-25.8239,10,5.2,mb,,53,6.521,0.75,us,usc000trcf,2015-03-07T06:47:56.308Z,"84km E of Visokoi Island, South Georgia and the South Sandwich Islands",earthquake
2015-02-18T22:23:45.560Z,37.1552,-97.8996,5,2.9,mb_lg,,61,0.045,0.51,us,usc000trc6,2015-03-08T04:01:48.716Z,"11km E of Anthony, Kansas",earthquake
2015-02-18T22:15:07.730Z,58.3658,-136.8968,10,4.3,mwr,,,,1.09,us,usc000trbw,2015-03-12T05:03:28.327Z,"68km W of Gustavus, Alaska",earthquake
2015-02-18T21:44:46.000Z,36.537,-97.0485,5.48,3,mb_lg,,,,0.81,us,usc000trbg,2015-03-12T04:27:59.115Z,"15km S of McCord, Oklahoma",earthquake
2015-02-18T21:36:47.400Z,36.5993,-97.6289,5,3.1,ml,,65,,0.58,us,usc000trbc,2015-03-12T00:19:14.679Z,"24km SSE of Medford, Oklahoma",earthquake
2015-02-18T21:19:58.000Z,63.0176,-156.0551,0.4,3,ml,,,,0.46,ak,ak11512541,2015-03-12T00:09:36.040Z,"24km WNW of McGrath, Alaska",earthquake
2015-02-18T20:28:55.700Z,36.8385,-98.169,5,2.7,ml,,208,,0.91,us,usc000trb2,2015-02-19T23:37:05.863Z,"19km ENE of Cherokee, Oklahoma",earthquake
2015-02-18T20:20:13.270Z,1.1704,127.8651,12.42,4.5,mb,,147,0.636,1.04,us,usb000tqee,2015-02-20T00:27:08.065Z,"63km SSW of Tobelo, Indonesia",earthquake
2015-02-18T19:58:16.140Z,19.6101,-70.6482,16.07,4.5,mwr,,80,0.196,1.1,us,usb000tqe1,2015-02-25T17:38:54.512Z,"2km NNE of Pedro Garcia, Dominican Republic",earthquake
2015-02-18T19:29:13.700Z,36.5578,-98.1574,5.872,3.2,ml,,109,,0.65,us,usb000tqdw,2015-02-19T23:39:49.876Z,"10km E of Helena, Oklahoma",earthquake
2015-02-18T19:10:17.500Z,36.5571,-98.1557,5.535,3.4,ml,,109,,0.8,us,usb000tqdt,2015-02-19T23:53:23.439Z,"10km E of Helena, Oklahoma",earthquake
2015-02-18T18:50:47.530Z,-10.7625,163.9831,22.54,4.9,mb,,115,4.185,1.01,us,usb000tqdp,2015-02-19T02:53:20.775Z,"202km W of Lata, Solomon Islands",earthquake
2015-02-18T17:53:26.120Z,44.8615,146.9166,161.38,4.4,mb,,170,3.182,0.72,us,usb000tqd9,2015-02-20T00:14:06.861Z,"86km WSW of Kuril'sk, Russia",earthquake
2015-02-18T17:29:23.530Z,34.7548333,-121.125,4.94,2.54,md,67,233,0.4394,0.17,nc,nc72396805,2015-02-19T03:40:26.535Z,"55km W of Vandenberg Air Force Base, California",earthquake
2015-02-18T17:25:16.220Z,-10.8314,164.1942,21.77,4.7,mb,,96,4.404,0.81,us,usb000tqdf,2015-02-20T00:00:25.939Z,"179km W of Lata, Solomon Islands",earthquake
2015-02-18T17:09:42.260Z,-10.6667,164.0727,18.55,5.4,mb,,58,4.241,0.82,us,usb000tqd1,2015-02-19T01:12:27.281Z,"192km W of Lata, Solomon Islands",earthquake
2015-02-18T16:59:38.250Z,8.9466,-82.8495,33.44,4.8,mwr,,135,1.627,1.03,us,usc000trc5,2015-03-04T23:59:42.759Z,"14km N of Rio Sereno, Panama",earthquake
2015-02-18T16:37:00.610Z,-10.9071,163.9145,32.1,4.4,mb,,129,4.169,0.74,us,usc000tsnn,2015-03-05T04:19:52.735Z,"210km W of Lata, Solomon Islands",earthquake
2015-02-18T16:27:26.880Z,-10.7451,164.1183,35,5.1,mb,,81,4.307,1.42,us,usb000tqcy,2015-03-05T04:32:57.000Z,"187km W of Lata, Solomon Islands",earthquake
2015-02-18T15:14:20.390Z,-2.4695,138.8197,40.15,4.1,mb,,129,6.578,1.35,us,usc000tsnl,2015-03-05T03:51:56.040Z,"196km W of Abepura, Indonesia",earthquake
2015-02-18T14:31:53.900Z,2.732,128.5544,239,5.2,mb,,22,2.28,0.67,us,usb000tq9w,2015-02-18T22:34:26.816Z,"126km NNE of Tobelo, Indonesia",earthquake
2015-02-18T13:49:29.650Z,37.252,71.6971,125.95,4.3,mb,,59,0.904,0.7,us,usb000tq9t,2015-02-18T21:52:05.295Z,"11km W of Roshtqal'a, Tajikistan",earthquake
2015-02-18T13:12:25.760Z,10.2991,-85.2165,52.75,4.5,mb,,148,0.259,0.83,us,usb000tq9p,2015-03-13T15:37:27.379Z,"19km SW of Canas, Costa Rica",earthquake
2015-02-18T13:07:57.000Z,52.5993,-169.7021,48.1,2.8,ml,,,,0.51,ak,ak11511761,2015-02-26T03:15:27.005Z,"67km WSW of Nikolski, Alaska",earthquake
2015-02-18T12:56:16.900Z,36.1193,-97.244,4.597,2.5,ml,,59,,0.33,us,usb000tqef,2015-03-15T11:34:30.136Z,"16km W of Stillwater, Oklahoma",earthquake
2015-02-18T12:35:47.760Z,-30.3309,-177.567,20.29,4.2,mb,,222,1.127,0.37,us,usc000tsnx,2015-03-15T11:41:01.455Z,"122km SSE of Raoul Island, New Zealand",earthquake
2015-02-18T11:51:51.000Z,54.5915,-162.2832,49.2,2.5,ml,,,,0.33,us,usc000tsvu,2015-03-15T11:22:07.899Z,"71km SSE of Cold Bay, Alaska",earthquake
2015-02-18T10:51:34.900Z,35.4873,-96.9498,6.004,2.8,ml,,114,,0.32,us,usb000tqen,2015-03-15T09:13:42.640Z,"4km WSW of Meeker, Oklahoma",earthquake
2015-02-18T10:37:49.000Z,50.2543,179.0629,10.4,2.6,ml,,,,0.41,us,usc000tsw9,2015-03-15T09:29:53.492Z,"170km SW of Amatignak Island, Alaska",earthquake
2015-02-18T09:32:26.770Z,-10.7598,164.1216,10,6.1,mww,,14,4.314,0.67,us,usb000tq9f,2015-03-15T12:43:09.019Z,"187km W of Lata, Solomon Islands",earthquake
2015-02-18T09:11:12.900Z,-4.1501,129.5881,35,4.1,mb,,98,2.923,0.89,us,usc000tsn1,2015-03-15T12:55:04.147Z,"117km SE of Amahai, Indonesia",earthquake
2015-02-18T09:04:11.550Z,47.2491667,-120.7526667,4.58,4.29,ml,40,38,0.05904,0.3,uw,uw60971201,2015-03-18T08:31:24.448Z,"15km ENE of Cle Elum, Washington",earthquake
2015-02-18T08:47:22.000Z,61.5508,-149.7276,44.7,3.3,ml,,,,0.55,ak,ak11511544,2015-02-26T03:15:39.201Z,"8km WNW of Knik-Fairview, Alaska",earthquake
2015-02-18T08:21:30.000Z,53.1775,-164.3341,25.8,2.8,ml,,,,0.52,ak,ak11511539,2015-02-26T03:15:57.433Z,"142km SE of Akutan, Alaska",earthquake
2015-02-18T05:38:16.000Z,52.7665,-173.7133,215.8,3.2,ml,,,,0.42,ak,ak11511525,2015-02-26T03:16:15.271Z,"71km NNE of Atka, Alaska",earthquake
2015-02-18T04:44:53.410Z,31.2945,140.2619,117.21,4.4,mb,,106,1.854,0.75,us,usc000tsn0,2015-02-25T03:32:26.838Z,"203km SSE of Hachijo-jima, Japan",earthquake
2015-02-18T04:43:39.170Z,-8.8943,159.3182,135.08,5.4,mww,,22,0.823,0.53,us,usb000tq8s,2015-02-25T02:53:55.973Z,"88km SSW of Buala, Solomon Islands",earthquake
2015-02-18T04:41:19.020Z,-31.8306,-178.2061,47.64,4.4,mb,,136,2.588,0.49,us,usc000tsnf,2015-02-25T03:24:17.881Z,"79km SE of L'Esperance Rock, New Zealand",earthquake
2015-02-18T04:36:15.000Z,56.276,-170.6095,24.7,3.3,ml,,,,0.84,us,usc000tsv5,2015-02-26T03:15:23.763Z,"101km SSW of City of Saint Paul, Alaska",earthquake
2015-02-18T03:32:21.470Z,-7.6048,-13.586,10,4.9,mb,,102,0.833,0.51,us,usc000tsnk,2015-02-25T03:03:39.702Z,"98km ENE of Georgetown, Saint Helena",earthquake
2015-02-18T02:55:56.610Z,51.7295,178.5381,96.98,4.2,mb,,180,0.203,0.45,us,usc000tsp2,2015-03-05T03:54:23.229Z,"24km S of Little Sitkin Island, Alaska",earthquake
2015-02-18T02:51:17.000Z,-35.111,-70.984,106.7,3.9,ml,,,,0.34,us,usb000tq8e,2015-03-05T03:53:53.063Z,"26km ESE of Curico, Chile",earthquake
2015-02-18T02:20:37.640Z,-7.7076,-13.4636,10,5.4,mb,,45,0.916,0.75,us,usb000tq8c,2015-03-05T03:53:29.894Z,"108km ENE of Georgetown, Saint Helena",earthquake
2015-02-18T02:16:19.400Z,-19.0884,-67.3373,236.39,4.2,mb,,56,2.006,1.24,us,usb000tq87,2015-03-04T06:30:35.751Z,"63km WSW of Challapata, Bolivia",earthquake
2015-02-18T01:41:12.480Z,8.381,-102.9551,10,5,mb,,79,10.076,1.21,us,usb000tq7z,2015-03-04T06:16:59.717Z,"Northern East Pacific Rise",earthquake
2015-02-18T01:16:17.570Z,8.285,-103.0536,10,5.5,mwc,,104,10.204,1.28,us,usb000tq7i,2015-03-04T06:11:25.381Z,"Northern East Pacific Rise",earthquake
2015-02-18T01:08:17.870Z,-21.1367,-179.209,632.11,4.3,mb,,136,4.249,0.7,us,usc000tsnm,2015-03-04T06:00:15.685Z,"75km SW of Ndoi Island, Fiji",earthquake
2015-02-18T00:58:00.540Z,8.3511,-102.957,10,4.6,mb,,205,11.354,1.06,us,usb000tq7g,2015-03-04T05:28:09.779Z,"Northern East Pacific Rise",earthquake
2015-02-18T00:48:28.890Z,8.3227,-103.159,5,5.5,mwb,,80,11.411,1.29,us,usb000tq6v,2015-03-04T05:22:28.505Z,"Northern East Pacific Rise",earthquake
2015-02-18T00:47:24.530Z,-35.1118,-70.896,99.05,4.7,mww,,56,0.332,0.81,us,usb000tq6n,2015-03-04T05:12:17.172Z,"33km ESE of Curico, Chile",earthquake
2015-02-18T00:32:10.320Z,-22.8599,171.3396,9.24,4.3,mb,,119,4.595,0.58,us,usc000tsnu,2015-03-04T05:07:59.454Z,"89km SW of Ile Hunter, New Caledonia",earthquake
2015-02-17T23:58:47.220Z,36.1332,-97.6846,5.09,2.6,mb_lg,,70,0.384,0.38,us,usb000tq5j,2015-03-04T04:38:12.619Z,"19km E of Hennessey, Oklahoma",earthquake
2015-02-17T23:53:56.000Z,62.7162,-148.9745,59.3,2.6,ml,,,,0.6,ak,ak11511241,2015-03-04T04:32:07.861Z,"72km NE of Talkeetna, Alaska",earthquake
2015-02-17T23:46:47.000Z,51.339,177.8083,25.9,2.6,ml,,,,0.5,us,usc000ts1g,2015-03-04T04:23:16.795Z,"83km SW of Little Sitkin Island, Alaska",earthquake
2015-02-17T21:47:30.620Z,-10.2906,160.033,10,4.2,mb,,186,0.85,0.83,us,usc000trww,2015-03-11T23:09:39.089Z,"95km S of Honiara, Solomon Islands",earthquake
2015-02-17T20:27:41.600Z,39.839,142.8672,34.97,4,mb,,157,1.925,0.85,us,usc000trwv,2015-02-20T18:01:03.648Z,"81km ENE of Miyako, Japan",earthquake
2015-02-17T19:55:06.680Z,-1.7987,131.6427,14.27,4.3,mb,,143,1.267,0.76,us,usc000trwu,2015-02-20T17:33:42.759Z,"110km SSE of Sorong, Indonesia",earthquake
2015-02-17T19:48:56.690Z,-10.6156,166.0387,153.41,4.6,mb,,117,4.934,0.67,us,usc000trwt,2015-02-20T16:47:25.341Z,"25km ENE of Lata, Solomon Islands",earthquake
2015-02-17T19:43:25.500Z,36.4349,-98.1255,2.562,2.6,ml,,81,,0.38,us,usb000tq3r,2015-02-19T16:28:44.718Z,"17km SE of Helena, Oklahoma",earthquake
2015-02-17T19:42:53.600Z,44.167,11.407,7.2,3.9,mwr,,,,1.26,us,usb000tq38,2015-02-19T20:16:56.048Z,"5km NNE of Firenzuola, Italy",earthquake
2015-02-17T19:36:54.970Z,36.0731,-97.1112,3.64,2.6,mb_lg,,47,0.251,0.57,us,usb000tq82,2015-02-18T23:00:49.575Z,"6km SW of Stillwater, Oklahoma",earthquake
2015-02-17T18:51:58.000Z,38.1655,144.7137,23.2,4.2,mb,,164,3.113,1.13,us,usb000tq31,2015-02-18T22:56:10.754Z,"274km ESE of Kamaishi, Japan",earthquake
2015-02-17T18:35:18.260Z,39.6509,143.2566,24.89,4.2,mb,,139,2.279,1.29,us,usb000tq2y,2015-02-18T22:15:39.071Z,"111km E of Miyako, Japan",earthquake
2015-02-17T18:32:21.000Z,59.8369,-153.1821,115.7,2.6,ml,,,,0.63,ak,ak11510799,2015-02-20T23:39:30.169Z,"76km W of Anchor Point, Alaska",earthquake
2015-02-17T17:19:18.000Z,54.6931,-160.471,39.9,2.5,ml,,,,0.37,ak,ak11514361,2015-02-20T23:39:51.519Z,"59km W of Chernabura Island, Alaska",earthquake
2015-02-17T17:13:19.100Z,36.5323,-98.2136,4.514,3.6,ml,,112,,0.81,us,usb000tq2k,2015-02-18T22:08:08.142Z,"5km ESE of Helena, Oklahoma",earthquake
2015-02-17T17:00:04.640Z,39.8813,143.1787,10,4.3,mb,,157,2.116,1.26,us,usb000tq2j,2015-02-18T21:46:08.531Z,"108km ENE of Miyako, Japan",earthquake
2015-02-17T16:49:53.870Z,19.6523,-109.3744,10,4,mb,,232,4.048,1.07,us,usb000tq2d,2015-02-18T00:52:32.180Z,"195km ENE of Socorro Island, Mexico",earthquake
2015-02-17T16:45:43.380Z,36.399,-97.297,3.5,2.5,ml,,,,0.27,us,usb000tqd6,2015-02-18T17:57:21.327Z,"12km N of Perry, Oklahoma",earthquake
2015-02-17T16:33:21.180Z,39.5598,143.5475,10,5.5,mwb,,58,2.47,0.61,us,usb000tq2a,2015-02-18T14:56:25.000Z,"137km E of Miyako, Japan",earthquake
2015-02-17T16:21:29.500Z,36.8157,-98.4986,6.384,2.7,ml,,131,,0.18,us,usb000tq2l,2015-02-18T00:24:00.321Z,"14km WNW of Cherokee, Oklahoma",earthquake
2015-02-17T15:21:48.300Z,36.0172,-97.0367,4.2,3,ml,,70,,0.49,us,usb000tq1z,2015-02-18T04:26:42.074Z,"4km N of Perkins, Oklahoma",earthquake
2015-02-17T15:12:10.000Z,56.4452,-158.4813,98.1,3,ml,,,,0.57,ak,ak11514354,2015-02-20T23:39:11.797Z,"27km NE of Chignik Lake, Alaska",earthquake
2015-02-17T14:35:54.000Z,-32.375,-71.013,72.6,5.4,mwr,,,,0.88,us,usb000tq1p,2015-02-24T05:26:52.831Z,"22km ENE of La Ligua, Chile",earthquake
2015-02-17T13:41:37.920Z,30.0535,57.6504,10,4.5,mb,,95,5.247,1.11,us,usb000tq1k,2015-02-17T21:44:17.874Z,"60km ESE of Kerman, Iran",earthquake
2015-02-17T13:40:27.000Z,-22.626,-66.195,279,4.2,mb,,,,0.7,us,usb000tq1h,2015-02-17T21:42:58.629Z,"52km WNW of Abra Pampa, Argentina",earthquake
2015-02-17T13:35:13.000Z,53.2335,-164.3109,56,2.8,ml,,,,0.55,ak,ak11510367,2015-02-20T23:38:33.910Z,"139km SE of Akutan, Alaska",earthquake
2015-02-17T13:23:55.900Z,19.1397,-66.5266,28,2.8,Md,5,291.6,0.81746691,0.1,pr,pr15048007,2015-02-17T18:17:04.040Z,"75km N of Tierras Nuevas Poniente, Puerto Rico",earthquake
2015-02-17T13:17:42.700Z,19.686,-156.4812,12.4,3.9,ml,,284,0.44,0.46,us,usb000tq1c,2015-02-20T19:57:48.522Z,"51km W of Kailua-Kona, Hawaii",earthquake
2015-02-17T13:14:23.660Z,53.3582,-164.5132,24.15,4.7,mb,,161,1.079,0.78,us,usb000tq1a,2015-02-20T23:36:13.705Z,"119km SE of Akutan, Alaska",earthquake
2015-02-17T13:07:37.000Z,61.5763,-141.0707,1.2,2.7,ml,,,,0.75,ak,ak11510296,2015-02-20T23:37:50.868Z,"179km E of Chitina, Alaska",earthquake
2015-02-17T12:40:37.717Z,41.8505,-119.6404,9.5513,2.76,ml,6,123.19,0.155,0.1828,nn,nn00483271,2015-02-21T19:52:43.860Z,"70km SE of Lakeview, Oregon",earthquake
2015-02-17T10:49:15.000Z,45.183,-67.056,5,2.5,mb_lg,,,,0.65,us,usb000tq8l,2015-02-18T04:38:29.670Z,"10km N of Saint Andrews, Canada",earthquake
2015-02-17T09:11:27.590Z,-27.9458,-177.8593,78.18,4.8,mb,,140,10.116,1.14,us,usb000tpzf,2015-02-17T17:13:55.756Z,"146km N of Raoul Island, New Zealand",earthquake
2015-02-17T08:25:10.000Z,-48.017,-75.151,24.1,4.9,ml,,,,0.71,us,usb000tpz6,2015-03-08T09:46:28.687Z,"211km WSW of Cochrane, Chile",earthquake
2015-02-17T07:50:04.000Z,-31.152,-67.369,125,4,md,,,,1.35,us,usc000trwk,2015-03-08T12:28:04.199Z,"58km S of San Agustin de Valle Fertil, Argentina",earthquake
2015-02-17T05:56:58.830Z,-37.6736,179.5282,32.28,5.2,mb,,72,0.976,1.89,us,usb000tpyf,2015-02-17T15:01:31.000Z,"172km NE of Gisborne, New Zealand",earthquake
2015-02-17T05:17:44.400Z,18.8827,-65.1331,13,2.9,Md,6,291.6,0.58839651,0.2,pr,pr15048003,2015-02-17T13:20:16.838Z,"63km NNW of Charlotte Amalie, U.S. Virgin Islands",earthquake
2015-02-17T04:46:38.930Z,40.1052,141.8977,47,5.5,mwb,,40,1.155,0.41,us,usb000tpy8,2015-02-25T02:27:28.042Z,"52km N of Miyako, Japan",earthquake
2015-02-17T04:38:41.730Z,39.7421,143.3396,38.95,4.1,mb,,157,2.274,0.9,us,usb000tpya,2015-02-25T00:40:17.965Z,"119km E of Miyako, Japan",earthquake
2015-02-17T04:16:39.100Z,18.1846,-66.8787,17,3.2,Md,15,126,0.19583273,0.46,pr,pr15048001,2015-02-19T05:46:34.040Z,"8km WNW of Adjuntas, Puerto Rico",earthquake
2015-02-17T03:28:50.000Z,18.8728,-64.4906,7,2.5,Md,4,306,0.46892058,0.1,pr,pr15048002,2015-02-25T00:22:07.040Z,"52km NNE of Road Town, British Virgin Islands",earthquake
2015-02-17T03:23:27.910Z,0.5764,126.1109,9.38,4.6,mb,,38,1.27,0.61,us,usb000tpxv,2015-02-25T00:20:38.736Z,"141km W of Kota Ternate, Indonesia",earthquake
2015-02-17T03:23:23.420Z,39.8013,143.1707,38.89,4.3,mb,,150,2.147,0.56,us,usb000tpxs,2015-02-25T00:14:35.522Z,"106km E of Miyako, Japan",earthquake
2015-02-17T03:06:30.850Z,-55.4044,-28.1851,11.24,5.3,mb,,37,4.928,0.35,us,usb000tpxn,2015-02-25T00:06:27.343Z,"156km NNW of Visokoi Island, South Georgia and the South Sandwich Islands",earthquake
2015-02-17T02:48:29.340Z,2.4598,94.5706,28.33,4.5,mb,,91,3.215,0.3,us,usb000tpxf,2015-02-24T23:54:34.442Z,"201km W of Sinabang, Indonesia",earthquake
2015-02-17T02:45:17.660Z,39.7537,143.7978,33.33,4.2,mb,,125,2.31,0.84,us,usb000tpxd,2015-02-24T23:50:38.514Z,"158km E of Miyako, Japan",earthquake
2015-02-17T02:39:35.400Z,18.6758,-65.247,53,2.9,Md,11,208.8,0.36741095,0.25,pr,pr15048000,2015-02-19T05:24:19.040Z,"41km N of Culebra, Puerto Rico",earthquake
2015-02-17T02:37:15.500Z,19.5183,-155.9818,13,2.5,Ml,,241.2,0.07186522,0.13,hv,hv60853431,2015-02-19T05:15:46.040Z,"6km WSW of Honalo, Hawaii",earthquake
2015-02-17T02:29:52.010Z,39.6602,142.9814,28.52,4.8,mb,,131,2.094,0.43,us,usb000tpxa,2015-02-24T23:47:36.874Z,"88km E of Miyako, Japan",earthquake
2015-02-17T02:14:58.470Z,0.5454,126.0272,38.12,5.1,mb,,33,1.358,0.51,us,usb000tpx9,2015-02-24T23:42:25.902Z,"136km SE of Bitung, Indonesia",earthquake
2015-02-17T01:46:50.760Z,38.5605,142.3904,48.46,4.2,mb,,122,1.437,0.93,us,usb000tpx2,2015-02-24T23:37:53.238Z,"81km SE of Ofunato, Japan",earthquake
2015-02-17T01:27:44.370Z,39.75,143.4899,42.06,4.4,mb,,135,2.276,0.64,us,usb000tpwy,2015-02-24T23:34:30.717Z,"132km E of Miyako, Japan",earthquake
2015-02-17T01:15:02.920Z,39.8018,142.8,10,4.5,mb,,135,1.9,0.62,us,usb000tpwu,2015-02-24T23:37:14.711Z,"74km ENE of Miyako, Japan",earthquake
2015-02-17T00:51:48.000Z,63.1991,-150.5477,123.3,2.8,ml,,,,0.46,ak,ak11509869,2015-03-09T22:35:27.126Z,"82km WSW of Cantwell, Alaska",earthquake
2015-02-17T00:50:02.640Z,39.8562,143.1673,10,4.7,mb,,142,2.12,0.55,us,usb000tpwf,2015-03-08T06:42:30.597Z,"106km ENE of Miyako, Japan",earthquake
2015-02-17T00:37:36.640Z,39.7135,143.0898,33.7,4.4,mb,,124,2.136,0.59,us,usc000trw9,2015-03-12T23:38:56.870Z,"97km E of Miyako, Japan",earthquake
2015-02-17T00:33:32.360Z,51.289,-173.769,25.4,2.7,ml,,,,0.85,us,usc000ts0j,2015-03-12T23:50:10.790Z,"105km SSE of Atka, Alaska",earthquake
2015-02-17T00:28:03.940Z,-19.992,-177.5085,406.17,4.4,mb,,91,4.76,1.16,us,usb000tpw7,2015-03-08T23:40:20.553Z,"144km ENE of Ndoi Island, Fiji",earthquake
2015-02-16T23:56:09.830Z,34.6396,141.8336,30.17,4.5,mb,,124,2.078,0.91,us,usb000tpvw,2015-03-09T05:48:45.977Z,"148km ESE of Ohara, Japan",earthquake
2015-02-16T23:40:56.100Z,20.0052,-155.3892,10.2,3.3,Ml,,201.6,0.12576414,0.19,hv,hv60853251,2015-03-08T23:27:28.221Z,"12km SE of Honoka'a, Hawaii",earthquake
2015-02-16T23:40:30.430Z,-55.6308,-28.5269,43.07,4.4,mb,,128,4.783,0.4,us,usc000truh,2015-03-10T04:22:39.530Z,"144km NW of Visokoi Island, South Georgia and the South Sandwich Islands",earthquake
2015-02-16T23:31:44.260Z,51.147,-177.625,40.6,2.5,ml,,,,0.91,us,usc000trlz,2015-03-10T04:14:58.963Z,"89km SSE of Tanaga Volcano, Alaska",earthquake
2015-02-16T23:06:28.230Z,39.8567,142.8748,23,6.7,mww,,20,1.921,0.93,us,usb000tpvj,2015-03-08T06:28:35.304Z,"82km ENE of Miyako, Japan",earthquake
2015-02-16T23:00:15.700Z,-7.1883,154.8164,57.47,4.5,mb,,93,3.979,1.19,us,usc000truk,2015-03-10T04:35:11.817Z,"121km SW of Panguna, Papua New Guinea",earthquake
2015-02-16T22:59:49.470Z,-21.9122,-174.0921,67.99,4.1,mb,,117,4.816,0.81,us,usc000trv6,2015-03-10T05:36:38.441Z,"109km SE of `Ohonua, Tonga",earthquake
2015-02-16T22:56:43.360Z,-5.2742,68.0882,10,4.6,mb,,237,4.829,1.25,us,usc000trug,2015-02-27T03:28:04.820Z,"Chagos Archipelago region",earthquake
2015-02-16T22:49:44.000Z,20.0102,-155.378,8.8,3.2,Ml,,205.2,0.24254513,0.16,hv,hv60853201,2015-03-12T22:23:57.494Z,"12km SE of Honoka'a, Hawaii",earthquake
2015-02-16T22:46:42.290Z,42.9045,86.4581,25.34,4.2,mb,,80,1.285,0.79,us,usc000trv5,2015-02-27T01:36:26.130Z,"94km N of Yanqi, China",earthquake
2015-02-16T22:45:08.510Z,-3.3085,134.5667,11.79,4.6,mb,,61,2.346,0.86,us,usb000tpvg,2015-02-27T01:25:38.620Z,"102km W of Nabire, Indonesia",earthquake
2015-02-16T22:34:50.650Z,-34.3965,178.998,169.87,4.6,mb,,190,5.166,1.5,us,usc000trv1,2015-02-27T01:19:15.850Z,"South of the Kermadec Islands",earthquake
2015-02-16T22:32:15.000Z,-24.125,-67.237,218.5,4.3,mb,,,,1.04,us,usb000tpv4,2015-02-27T01:02:00.676Z,"93km W of San Antonio de los Cobres, Argentina",earthquake
2015-02-16T22:28:48.060Z,44.6085,124.0909,14.76,4.4,mb,,78,3.929,0.82,us,usc000trv0,2015-02-27T00:44:18.266Z,"38km N of Changling, China",earthquake
2015-02-16T22:10:13.300Z,35.8122,-97.4481,5.35,2.9,ml,,,,0.49,us,usb000tpv0,2015-03-09T01:24:02.804Z,"7km SSW of Guthrie, Oklahoma",earthquake
2015-02-16T22:00:53.590Z,-55.52,-28.2591,13,6.2,mww,,30,4.908,0.91,us,usb000tpuw,2015-02-25T05:11:17.495Z,"146km NNW of Visokoi Island, South Georgia and the South Sandwich Islands",earthquake
2015-02-16T21:52:24.620Z,15.4029,-60.3209,36.18,4.4,mb,,88,0.895,1.27,us,usb000tpur,2015-02-25T01:37:51.257Z,"99km NE of Sainte-Marie, Martinique",earthquake
2015-02-16T21:41:42.290Z,21.537,143.3086,270.56,4.3,mb,,66,5.628,0.73,us,usc000truz,2015-02-25T01:25:38.313Z,"198km NW of Farallon de Pajaros, Northern Mariana Islands",earthquake
2015-02-16T21:26:40.490Z,44.0328,151.383,31.93,4.5,mb,,137,6.333,0.99,us,usb000tpui,2015-02-24T23:38:12.332Z,"East of the Kuril Islands",earthquake
2015-02-16T21:24:20.290Z,-40.9548,-86.4602,10,4.5,mb,,196,9.494,1.33,us,usb000tpua,2015-02-24T04:02:02.962Z,"West Chile Rise",earthquake
2015-02-16T21:02:31.600Z,36.602,-97.625,3.204,2.6,ml,,65,,0.69,us,usb000tpum,2015-03-09T01:20:50.871Z,"24km SSE of Medford, Oklahoma",earthquake
2015-02-16T20:33:45.620Z,-30.2268,-71.8262,20.14,4.8,mb,,91,0.89,0.76,us,usb000tpss,2015-02-17T19:21:51.844Z,"55km WSW of Coquimbo, Chile",earthquake
2015-02-16T17:20:34.490Z,-14.9613,166.9688,34.5,4.8,mb,,57,0.533,0.63,us,usb000tpqe,2015-02-17T16:05:45.211Z,"13km NW of Port-Olry, Vanuatu",earthquake