0 8000 1117 1276 3830 2435 8187 11796 2674 3593
8000 0 6888 8573 4460 5565 1726 5051 5409 4423
1117 6888 0 1927 2826 1322 7131 10796 1641 2498
1276 8573 1927 0 4740 3128 8978 12692 3554 4320
3830 4460 2826 4740 0 1695 4377 7974 1185 834
2435 5565 1322 3128 1695 0 5852 9570 643 1195
8187 1726 7131 8978 4377 5852 0 3835 5513 4657
11796 5051 10796 12692 7974 9570 3835 0 9155 8392
2674 5409 1641 3554 1185 643 5513 9155 0 1008
3593 4423 2498 4320 834 1195 4657 8392 1008 0